1.0
Current segment is :  0
2.0
Current segment is :  1
3.0
4.0
Current segment is :  3
5.0
6.0
7.0
8.0
Current segment is :  7
9.0
10.0
11.0
12.0
13.0
14.0
15.0
16.0
Current segment is :  15
17.0
18.0
19.0
20.0
21.0
22.0
23.0
24.0
25.0
26.0
27.0
28.0
29.0
30.0
31.0
32.0
Current segment is :  31
33.0
34.0
35.0
36.0
37.0
38.0
39.0
40.0
41.0
42.0
43.0
44.0
45.0
46.0
47.0
48.0
49.0
50.0
51.0
52.0
53.0
54.0
55.0
56.0
57.0
58.0
59.0
60.0
61.0
62.0
63.0
64.0
Current segment is :  63
65.0
66.0
67.0
68.0
69.0
70.0
71.0
72.0
73.0
74.0
75.0
76.0
77.0
78.0
79.0
80.0
81.0
82.0
83.0
84.0
85.0
86.0
87.0
88.0
89.0
90.0
91.0
92.0
93.0
94.0
95.0
96.0
97.0
98.0
99.0
100.0
101.0
102.0
103.0
104.0
105.0
106.0
107.0
108.0
109.0
110.0
111.0
112.0
113.0
114.0
115.0
116.0
117.0
118.0
119.0
120.0
121.0
122.0
123.0
124.0
125.0
126.0
127.0
128.0
Current segment is :  127
129.0
130.0
131.0
132.0
133.0
134.0
135.0
136.0
137.0
138.0
139.0
140.0
141.0
142.0
143.0
144.0
145.0
146.0
147.0
148.0
149.0
150.0
151.0
152.0
153.0
154.0
155.0
156.0
157.0
158.0
159.0
160.0
161.0
162.0
163.0
164.0
165.0
166.0
167.0
168.0
169.0
170.0
171.0
172.0
173.0
174.0
175.0
176.0
177.0
178.0
179.0
180.0
181.0
182.0
183.0
184.0
185.0
186.0
187.0
188.0
189.0
190.0
191.0
192.0
193.0
194.0
195.0
196.0
197.0
198.0
199.0
200.0
201.0
202.0
203.0
204.0
205.0
206.0
207.0
208.0
209.0
210.0
211.0
212.0
213.0
214.0
215.0
216.0
217.0
218.0
219.0
220.0
221.0
222.0
223.0
224.0
225.0
226.0
227.0
228.0
229.0
230.0
231.0
232.0
233.0
234.0
235.0
236.0
237.0
238.0
239.0
240.0
241.0
242.0
243.0
244.0
245.0
246.0
247.0
248.0
249.0
250.0
251.0
252.0
253.0
254.0
255.0
256.0
Current segment is :  255
257.0
258.0
259.0
260.0
261.0
262.0
263.0
264.0
265.0
266.0
267.0
268.0
269.0
270.0
271.0
272.0
273.0
274.0
275.0
276.0
277.0
278.0
279.0
280.0
281.0
282.0
283.0
284.0
285.0
286.0
287.0
288.0
289.0
290.0
291.0
292.0
293.0
294.0
295.0
296.0
297.0
298.0
299.0
300.0
301.0
302.0
303.0
304.0
305.0
306.0
307.0
308.0
309.0
310.0
311.0
312.0
313.0
314.0
315.0
316.0
317.0
318.0
319.0
320.0
321.0
322.0
323.0
324.0
325.0
326.0
327.0
328.0
329.0
330.0
331.0
332.0
333.0
334.0
335.0
336.0
337.0
338.0
339.0
340.0
341.0
342.0
343.0
344.0
345.0
346.0
347.0
348.0
349.0
350.0
351.0
352.0
353.0
354.0
355.0
356.0
357.0
358.0
359.0
360.0
361.0
362.0
363.0
364.0
365.0
366.0
367.0
368.0
369.0
370.0
371.0
372.0
373.0
374.0
375.0
376.0
377.0
378.0
379.0
380.0
381.0
382.0
383.0
384.0
385.0
386.0
387.0
388.0
389.0
390.0
391.0
392.0
393.0
394.0
395.0
396.0
397.0
398.0
399.0
400.0
401.0
402.0
403.0
404.0
405.0
406.0
407.0
408.0
409.0
410.0
411.0
123.3
123.3081103000811
123.31622006672634
123.32432930004099
123.33243800013022
123.34054616709923
123.34865380105316
123.35676090209711
123.36486747033615
123.37297350587532
123.38107900881963
123.38918397927404
123.39728841734349
123.40539232313287
123.41349569674706
123.42159853829088
123.42970084786913
123.43780262558657
123.44590387154793
123.4540045858579
123.46210476862115
123.47020441994229
123.47830353992592
123.48640212867659
123.49450018629882
123.5025977128971
123.51069470857588
123.5187911734396
123.52688710759261
123.53498251113929
123.54307738418393
123.55117172683083
123.55926553918424
123.56735882134836
123.57545157342739
123.58354379552544
123.59163548774666
123.5997266501951
123.6078172829748
123.6159073861898
123.62399695994407
123.63208600434152
123.64017451948608
123.64826250548163
123.65634996243199
123.66443689044097
123.67252328961234
123.68060916004985
123.6886945018572
123.69677931513806
123.70486359999606
123.7129473565348
123.72103058485784
123.72911328506873
123.73719545727097
123.74527710156802
123.75335821806331
123.76143880686024
123.76951886806218
123.77759840177247
123.78567740809439
123.79375588713121
123.80183383898617
123.80991126376244
123.81798816156322
123.82606453249161
123.83414037665072
123.8422156941436
123.8502904850733
123.8583647495428
123.86643848765506
123.87451169951301
123.88258438521953
123.8906565448775
123.89872817858975
123.90679928645906
123.9148698685882
123.92293992507989
123.93100945603682
123.93907846156166
123.94714694175704
37.18414408252711
37.211037265755444
37.23791101272622
37.26476536552969
37.29160036610439
37.31841605623789
37.34521247756759
37.37198967158144
37.39874767961868
37.425486542870644
37.45220630238144
37.47890699904871
37.505588673624366
37.53225136671531
37.55889511878414
37.58551997014991
37.612125960988784
37.63871313133478
37.66528152108049
37.69183116997772
Current segment is :  511
37.71836211763824
37.74487440353446
37.7713680670001
37.79784314723087
37.82429968328518
37.85073771408479
37.87715727841544
37.9035584149276
37.92994116213706
37.95630555842561
37.982651642041695
38.008979451101055
38.03528902358738
38.061580397352934
38.0878536101192
38.11410869947751
38.14034570288968
38.166564657688625
38.19276560107897
38.21894857013769
38.24511360181471
38.271260732933506
38.29739000019173
38.32350144016179
38.34959508929146
38.37567098390447
38.4017291602011
38.42776965425876
38.45379250203258
38.47979773935597
38.505785401941246
38.53175552538014
38.55770814514441
38.58364329658639
38.60956101493956
11.582868304481867
11.669202705746972
11.754898363386676
Current segment is :  549
11.839969281831596
11.924428960416616
12.008290418547611
12.091566219277366
12.174268491411949
12.256408950258033
12.337998917111982
12.419049337582765
12.499570798832925
12.579573545814716
12.65906749657211
12.738062256673578
Current segment is :  561
12.816567132835264
12.894591145789407
12.972143042448538
13.049231307411985
3.914769392223595
4.170212280375941
4.410008226665239
4.636765173274425
4.852432769676295
5.058514965446049
5.256201441977373
5.44645290228362
5.6300586394379275
Current segment is :  574
5.807676682879804
5.979862576586294
6.147090499835806
6.309769087376808
6.468253492456002
6.622854730822172
Current segment is :  580
6.773847020498418
6.921473619825785
7.065951523654763
7.207475279747951
7.346220119124628
7.482344545534977
7.615992494237999
Current segment is :  587
7.747295144648509
7.876372452448091
8.003334452535984
8.128282373422026
8.251309595417883
8.372502478612487
8.491941081653154
8.609699788453476
Current segment is :  595
8.725847856861286
8.840449900857925
8.953566315883698
9.065253655287885
9.175564964604275
9.284550079292865
9.392255890717188
9.498726584407331
9.604003854061723
Current segment is :  604
9.708127094243169
9.811133574308
9.913058595756965
10.01393563490087
10.113796472483525
10.212671311691599
10.310588885799286
10.40757655654012
10.503660404164723
10.59886531002816
Current segment is :  614
10.693215032451167
10.786732276513431
10.87943875836219
10.97135526455433
11.062501706893203
11.152897173171585
11.242559974188483
11.331507687369099
11.41975719728336
11.507324733328513
11.594225904814854
Current segment is :  625
11.680475733670157
11.766088684957525
11.851078695382864
11.935459199951582
12.019243156919408
12.102443071168944
12.185071016131745
12.26713865436513
12.348657256883262
12.429637721333565
12.510090589101678
12.590026061421211
Current segment is :  637
12.669454014558198
12.748384014134416
12.826825328648576
12.904786942249606
12.982277566812035
13.05930565335953
13.13587940287911
13.212006776565323
13.287695505530687
13.362953100016034
13.43778685813188
13.512203874159697
13.586211046439887
Current segment is :  650
13.65981508487134
13.733022518045713
13.805839700037948
13.878272816873084
13.950327892688009
14.022010795605592
14.093327243337425
14.164282808530361
14.234882923871023
14.305132886961557
14.375037864979024
14.44460289913008
14.513832908911812
14.582732696188954
Current segment is :  664
14.651306949097076
14.71956024578073
14.787497057975012
14.85512175443848
14.922438604244926
14.98945177994099
15.056165360576289
15.122583334612257
15.188709602715619
15.254547980442007
15.320102200814981
15.385375916805387
15.450372703715722
15.515096061473914
15.579549416840699
Current segment is :  679
15.643736125534536
15.707659474277792
15.771322682767737
15.834728905575709
15.89788123397761
15.96078269771875
16.023436266715898
16.085844852699243
16.148011310796853
16.209938441064057
16.27162898996008
16.33308565177415
16.394311070003155
16.455307838682852
16.51607850367456
16.576625563909076
Current segment is :  695
16.636951472589622
16.69705863835539
16.756949426407296
16.816626159597412
16.87609111948351
16.93534654735007
16.994394645197023
17.053237576697533
17.11187746812592
5.133563240437775
5.328359710874306
1.5985079132622917
2.2240913036874064
2.673713132765224
3.047724834972698
3.375838445665167
3.672061151844746
Current segment is :  712
3.9443877713231896
4.197912540685442
4.436126174320772
4.661548076382228
Current segment is :  716
4.8760690860585
5.081152316494912
5.27795806796859
5.467425279932417
5.650326727835215
Current segment is :  721
5.827307643836709
5.998913479862486
6.165610333110472
6.3278002779777
6.485833078646243
6.6400152766575316
Current segment is :  727
6.790617339805703
6.937879355902256
7.082015618397116
7.223218356979374
7.361660800579845
7.497499713440545
2.2492499140321636
Current segment is :  734
2.6938425730165667
3.0650595142055983
3.3913174532000325
Current segment is :  737
3.6861881085721517
3.957471062818171
4.210157686201309
4.447678481034594
Current segment is :  741
4.672514876980055
4.886532387106491
5.091176482506039
5.2875947373899805
5.476716644356249
Current segment is :  746
5.659307796124252
5.8360078513297395
6.007357860698241
6.1738203926779445
6.335794654382413
6.493628052487939
Current segment is :  752
6.6476251696491016
6.798054830539982
6.9451557329198135
7.089140985152536
7.230201799445043
7.368510525499792
7.504223163289933
Current segment is :  759
7.637481460416799
7.768414675139841
7.897141068080753
8.023769172021035
8.148398878903308
8.271122375244296
8.392024951053479
8.511185702580375
Current segment is :  767
8.6286781454602
8.74457075185277
8.858927422794922
8.971807905078466
9.08326816042276
9.193360693455876
9.30213484399169
9.409637048246008
9.515911072937152
Current segment is :  776
9.620998225637008
9.724937544255248
9.827765968134507
9.929518492893683
10.030228310868813
10.129926938757112
10.228644333862302
10.326409000162162
10.423248085267574
10.519187469211953
Current segment is :  786
10.614251845897591
10.708464797928356
10.80184886547401
10.894425609738255
10.986215671538863
11.077238825452602
11.167514029928853
11.257059473733088
11.34589261904367
11.434030241492303
11.521488467409107
Current segment is :  797
11.608282808507369
11.694428194219984
11.77993900187916
11.864829084912738
11.949111799214252
12.03280002782935
12.115906204088176
12.198442333301736
12.280420013129758
12.361850452718212
12.442744490696168
12.523112612114053
Current segment is :  809
12.602964964398474
12.682311372392533
12.761161352544956
12.839524126306184
12.917408632784984
12.994823540714888
13.071777259775931
13.14827795131366
13.224333538494191
13.299951715931197
13.375139958817986
13.449905531595467
13.524255496184503
Current segment is :  822
13.598196719809133
13.671735882435252
13.744879483847619
13.817633850386457
13.89000514136346
13.961999355175669
14.033622335134432
14.104879775025514
14.175777224415379
14.246320093717646
14.316513659032873
14.386363066773916
14.455873338088391
14.525049373089002
Current segment is :  836
14.593895954901848
14.662417753542197
14.730619329626634
14.79850513792994
14.866079530794588
14.933346761400244
15.000310986900237
15.066976271431557
15.133346589004573
4.540003976701372
4.7602681009470444
4.970340302510871
5.171533769987299
5.364900002226454
5.551296766301273
Current segment is :  851
5.731434856930912
5.9059112358765296
6.075233116964975
6.2398358541352605
6.4000964801158755
6.556344124679804
Current segment is :  857
6.708868150414777
6.85792458997801
7.00374129981197
7.146522130398452
7.286450333481516
7.423691370506768
7.558395246259585
Current segment is :  864
7.690698462407863
7.820725664083758
7.94859103655072
8.074399496867978
8.198247716217033
8.320225001438835
8.44041405880532
8.558891658723155
Current segment is :  872
8.675729216654013
8.79099330282217
8.904746091108217
9.017045755777886
9.127946823276543
9.23750048516357
9.345754877312844
9.452755329724402
9.558544590645552
Current segment is :  881
9.663163028161515
9.76664881196602
9.869038077644827
9.97036507548722
10.070662305571458
10.169960640641909
10.26828943810094
10.365676642272401
10.46214887795086
10.557731536128045
Current segment is :  891
10.652448852682085
10.746323980723485
10.839379057212318
10.93163526439188
11.0231128865238
11.11383136235675
11.20380933371477
11.293064690550482
11.381614612772813
11.469475609127212
11.556663553378492
Current segment is :  902
11.6431937180217
11.729080805724463
11.81433897868478
11.898981886070812
11.983022689693735
12.066474088050851
12.149348338863712
12.231657280224885
12.313412350457005
12.394624606778697
12.475304742863907
12.55546310537381
Current segment is :  914
12.635109709533875
12.714254253822672
12.792906133833592
12.871074455365733
12.94876804679571
13.025995470778136
13.102765035318777
13.179084804261018
3.9537254412783054
4.206651451152346
4.444370219063594
4.6693739767862565
4.883535447889554
Current segment is :  927
5.0883051297462005
5.284834224307375
5.474054918383367
5.656734853990467
5.83351528047529
Current segment is :  932
6.004938505052586
6.1714681038417485
6.33350410292234
6.49139458246566
6.645444684842916
6.795923704295267
Current segment is :  938
6.94307073588539
7.0870992267419615
7.228200679960885
7.3665476966357755
7.502296495283572
7.635589014531333
7.766554680454013
Current segment is :  945
7.895311901788808
8.021969342614348
8.146627011734049
8.269377200070847
8.390305291244562
8.50949046571533
8.62700631511066
8.742921380368982
Current segment is :  953
8.857299624950405
8.970200852451287
9.08168107641157
9.19179284884513
9.300585552993772
9.408105664958992
9.514396988166016
9.619500864033693
9.723456361739286
Current segment is :  962
9.826300449561275
9.928068149941803
10.028792680122013
10.128505579959109
10.227236828325962
10.325014949316603
10.421867109328845
10.517819205964665
10.612895949576393
10.707120938189412
Current segment is :  972
10.80051672644779
10.8931048891559
10.984906079925256
11.075940085380022
11.166225875325742
11.255781649243026
11.344624879430176
11.432772351085513
11.520240199590784
11.607043945231046
11.693198525563352
Current segment is :  983
11.778718325626082
11.863617206162548
11.947908530016166
12.031605186840057
12.114719616250838
12.19726382954477
12.279249430083947
12.36068763245078
12.441589280460612
12.521964864114581
12.601824535568044
12.68117812418353
Current segment is :  995
12.760035150731635
12.838404840798097
12.916296137450637
12.993717713214954
13.070677981405401
13.147185106852346
13.223247016065049
13.298871406865969
13.374065757529719
13.448837335457469
13.523193205415351
13.597140237363364
13.670685113899395
Current segment is :  1008
13.74383433734126
13.816594236468031
13.888970972940509
13.9609705474193
14.032598805397743
14.103861442765766
14.174764011119692
14.245311922832052
14.315510455894513
14.385364758546238
14.454879853699172
14.524060643171046
14.59291191173623
14.661438331003913
Current segment is :  1022
14.729644463132528
14.79753476438881
14.865113588559344
14.932385190222021
14.999353727884365
15.066023266995305
15.132397782836568
15.198481163299526
15.264277211553003
15.329789648607221
15.3950221157788
15.459978177061432
15.5246613214066
15.589074964918495
15.653222452967041
Current segment is :  1037
15.717107062222718
15.780732002616716
15.844100419229722
15.907215394112507
15.970079948041294
16.032697042210735
16.0950695798672
16.157200407884922
16.21909231828742
16.280748049716514
16.342170288851122
16.40336167177792
16.464324785315828
16.525062168296262
16.585576312800875
16.645869665358553
Current segment is :  1053
16.705944628103282
16.76580355989441
16.825448777400844
16.88488255615052
16.94410713154656
17.003124699851366
17.061937419139884
17.120547410223207
17.17895675754366
17.237167510042404
17.29518168200061
17.353001253855165
17.41062817298985
17.468064354502896
17.525311681951756
17.582372008075932
17.639247155498627
Current segment is :  1070
17.695938917407993
17.752449058218676
17.808779314214373
17.86493139417203
17.920906979968358
17.976707727169256
18.032335265602704
18.087791199915745
18.143077110116028
18.19819455209848
18.253145058157596
18.30793013748578
18.36255127665828
18.41700994010507
18.471307570570175
18.525445589558785
18.57942539777261
18.6332483755338
Current segment is :  1088
18.686915883197845
18.740429261555754
18.793789832225894
18.846998898035775
18.900057743394132
18.952967634653564
19.005729820464065
19.058345532117677
19.11081598388458
19.163142373340857
19.215325881688173
19.267367674065632
19.31926889985404
19.371030692972806
19.422654172169644
19.47414044130339
19.52549058962003
19.576705692022202
19.627786809332328
Current segment is :  1107
19.678734988549586
19.729551263100866
19.7802366530859
19.830792165516737
19.881218794551703
19.931517521724004
19.98168931616515
20.031735134823283
20.08165592267663
20.131452612942137
20.181126127279455
20.23067737599041
20.280107258214066
20.329416662117488
20.378606465082342
20.427677533887437
20.4766307248873
20.525466884186915
20.574186847812708
20.622791441879876
Current segment is :  1127
20.671281482756168
20.7196577772222
20.767921122628383
20.81607230704859
20.864112109430586
20.91204129974336
20.959860639121402
21.007570880005996
21.05517276628366
21.102667033421728
21.15005440860119
21.19733561084686
21.244511351154916
21.29158233261788
21.338549250547135
21.385412792592962
21.432173638862263
21.478832462033925
21.525389927471938
21.571846693336315
21.618203410691855
Current segment is :  1148
21.664460723614788
21.710619269297393
21.756679678150594
21.802642573904592
21.848508573707612
21.894278288222743
21.93995232172299
21.985531272184513
22.031015731378144
22.07640628495919
22.121703512555573
6.636511053766672
6.7871926380959
6.934528960095528
7.078734861571239
7.220003042899624
7.358507139651138
7.494404269465897
7.6278371567300995
7.758935917683287
7.887819570107959
8.014597317888809
Current segment is :  1170
8.139369650213974
8.262229287136067
8.38326199698315
8.502547306252962
8.620159118805253
8.73616625814198
8.850632944151762
8.963619213756443
9.075181293330875
Current segment is :  1179
9.185371929493138
9.29424068382078
9.401834196192455
9.508196420746998
9.613368837864716
9.717390645086056
9.820298929472635
9.922128823570747
10.022913646846215
10.122685034212667
Current segment is :  1189
10.221473053065392
10.319306310053738
10.416212048671627
10.512216238613933
10.607343657732915
10.701617967330774
10.795061781439326
10.88769673066392
10.979543521104327
11.070621988809096
11.160951150170659
Current segment is :  1200
11.250549248625262
11.339433797983792
11.427621622686098
11.515128895241816
11.601971171094517
11.688163421122807
11.773720061971343
11.858654984386389
11.942981579714159
12.026712764705564
12.109861004757882
12.192438335712144
Current segment is :  1212
12.274456384314528
12.355926387440523
12.43685921017217
12.51726536281094
12.597155016901922
12.676538020338672
12.755423911612422
12.833821933264185
12.911741044593608
12.989189933674195
13.066177028720633
13.14271050885043
13.21879831427889
Current segment is :  1225
13.294448155983472
13.369667524870922
13.444463700478112
13.518843759235267
13.592814582318185
13.666382863114189
13.739555114324787
13.812337674726427
13.88473671560926
13.956758246912463
14.028408123073442
14.099692048607034
14.170615583429825
14.241184147943658
Current segment is :  1239
14.31140302789153
14.381277378998202
14.450812231407095
14.520012493924286
14.58888295807977
14.657428302015521
14.725653094209285
14.793561797042523
14.861158770220403
14.928448274051279
14.995434472592638
15.062121436670118
15.128513146775802
15.194613495851621
15.260426291963416
Current segment is :  1254
15.325955260870833
15.391204048497999
15.456176223309598
15.520875278596758
15.585304634676888
15.649467641011395
15.713367578245002
15.777007660170183
15.84039103562005
15.903520790292855
15.966399948511102
16.029031474918106
16.091418276114723
16.153563202238754
4.846068960671626
5.052421781507549
Current segment is :  1270
5.250346666492432
5.440810280329966
5.624606433563847
5.802396650854905
5.9747392293052535
6.142110550733834
Current segment is :  1276
6.304921036110156
6.463527304812445
6.618241588955013
6.769339125447012
6.9170640335168185
7.061634041131968
7.20324432483901
Current segment is :  1283
7.342070658488653
7.478272017276154
7.611992748173589
7.743364391983935
7.872507223107215
7.99953155876801
8.124538878590872
8.247622787098605
Current segment is :  1291
8.368869845289028
8.488360292444556
8.60616867540046
8.722364399388344
8.837012212092674
8.950172630568908
9.061902319065032
9.172254424482913
9.281278875149127
Current segment is :  1300
9.389022647688655
9.495530006071284
9.600842716300267
9.705000239712477
9.808039907440463
9.90999707823474
10.010905281547563
10.110796347527703
10.209700525361779
10.307646591215121
Current segment is :  1310
10.404661946868881
10.50077271001587
10.59600379706208
10.690378999180945
10.783921052280897
10.876651701471665
10.968591760549286
11.05976116696267
11.15017903267456
11.239863691285834
11.328832741753526
Current segment is :  1321
11.417103088998958
11.504690981672324
11.591612047313554
11.677881325125673
11.763513296556008
11.848521913861925
11.932920626821224
12.016722407732455
12.099939774837193
12.182584814284379
12.26466920074623
12.346204216785566
Current segment is :  1333
12.427200771065822
12.507669415487202
12.587620361325424
12.667063494443136
12.746008389638355
12.824464324189044
12.902440290648231
12.979945008939763
13.056986937800884
13.133574285614255
13.20971502066879
13.285416880885709
13.36068738304351
Current segment is :  1346
13.435533831533064
13.50996332667177
13.58398277260363
13.657598884810191
13.730818197255529
13.803647069186837
13.876091691610736
13.948158093463974
14.019852147495996
14.091179575879654
14.162145955565265
14.23275672339223
14.303017180971501
14.372932499351345
Current segment is :  1360
14.442507723478023
14.511747776462338
14.580657463662247
14.64924147659117
14.717504396660988
14.785450698768217
14.853084754731308
14.920410836586557
14.98743311974969
15.054155686049736
15.120582526641446
15.186717544802159
15.252564558618667
15.318127303569314
15.383409435006294
Current segment is :  1375
15.448414530542815
15.513146092349556
15.577607549364595
15.641802259420748
15.705733511294088
15.769404526677159
15.832818462080255
15.895978410663952
15.958887404005887
16.021548413804666
16.083964353523598
16.14613807997686
16.2080723948605
16.269770046230636
16.33123372993105
16.392466090972288
Current segment is :  1391
16.453469724864245
16.514247178904156
16.5748009534218
16.635133502983642
16.695247237557556
16.755144523639693
16.81482768534499
16.874299005462742
16.933560726478607
16.99261505156431
17.05146414553634
17.110110135784737
17.1685551131732
17.2268011329115
17.284850215401313
17.342704347056383
17.400365481098014
Current segment is :  1408
17.457835538326773
17.51511640787126
17.572209947914796
17.629117986400797
17.685842321717594
17.74238472336346
17.798746932592483
17.854930663042
17.910937601342237
17.966769407708703
18.022427716518017
18.077914136867673
18.1332302531203
18.18837762543296
18.243357790271943
5.473007337081583
5.65572223922042
5.832534316918536
Current segment is :  1426
6.0039863728626015
6.1705423804711295
6.332602688680803
6.490515643142236
6.644586606834709
6.795085059059169
Current segment is :  1432
6.942250251445806
7.086295764612339
7.227413216270766
2.16822396488123
2.629430932517886
3.0097413592467683
3.34199582255064
Current segment is :  1439
3.6412182193149754
3.9158515809452847
4.171223874641513
4.410961666247327
Current segment is :  1443
4.637669598817224
4.853295136318868
5.05934071399591
5.256994925587877
5.447217669599405
Current segment is :  1448
5.630797629251273
5.808392361977082
5.980557039857007
6.147765544572465
6.310426269473213
6.4688941696272035
Current segment is :  1454
6.623480096337089
6.7744581298565105
6.922071412104545
7.066536838776005
7.208048872579145
7.346782671097659
7.4828966742971845
Current segment is :  1461
7.616534761728603
7.747828063903863
7.8768964933723575
8.003850046823441
8.128789918778798
8.251809459201395
8.372995000983982
8.492426578320703
Current segment is :  1469
8.610178553068742
8.726320163122066
8.840916004359483
8.954026455754667
9.065708055640638
9.176013835824879
9.284993619191793
9.392694285558761
9.499160009833158
Current segment is :  1478
9.604432475921195
9.708551069342207
9.811553051085683
9.913473714898366
10.014346529893292
10.114203270122417
10.213074132541607
10.310987844615205
10.407971762651947
10.504051961830466
Current segment is :  1488
10.59925331875766
10.693599587303792
10.787113468372171
10.879816674186404
10.971729987613147
11.062873316981348
11.15326574680923
11.242925584806553
11.331870405481288
11.420117090646016
11.507681867089428
Current segment is :  1499
11.594580341651874
11.680827533920459
11.766437906738314
11.851425394704178
11.93580343082183
12.019584971444198
12.102782519643721
12.185408147128717
12.267473514814872
12.34898989215144
12.429968175293089
12.510418904200641
Current segment is :  1511
12.590352278746895
12.669778173897425
12.748706154030513
12.82714548645515
12.905105154181376
12.982593867992902
13.059620077868063
13.136191983791626
13.212317545996706
13.288004494673094
13.363260339175621
13.438092376763665
13.512507700900679
Current segment is :  1524
13.586513209140525
13.660115610625494
13.73332143321913
13.806137030295387
13.878568587204148
4.163570576161244
4.403749043586669
4.630828286772957
4.846772376700951
5.053095249383631
5.250993755278999
5.44143389796526
5.625208987169952
5.802980160166513
Current segment is :  1538
5.97530540898682
6.142660871436656
6.305456770629138
6.46404956356652
6.61875134766736
6.769837247026977
Current segment is :  1544
6.917551285564485
7.062111110091815
7.203711827555887
7.342529151726847
7.478722005624446
7.612434690659128
7.743798707644003
Current segment is :  1551
7.872934295713058
7.999951740853495
8.124952494907209
8.248030137592112
8.369271207680143
8.488755924471533
8.606558816779602
8.722749273533394
Current segment is :  1559
8.837392027628619
8.950547582669481
9.062272590638408
9.172620187226158
9.281640290488758
9.389379867621987
9.495883173921092
9.60119196739344
9.70534570199182
Current segment is :  1568
9.808381702017535
9.910335319890532
10.011240079186916
10.111127804592579
10.210028740207871
10.307971657455687
10.404983953689223
10.50109174246149
10.596319936303134
10.69069232275534
Current segment is :  1578
10.784231634318116
10.876959612899155
10.968897069283022
11.060063938083385
11.15047932859091
11.24016157188568
11.329128264544373
11.417396309238473
11.504981952489802
11.59190081982306
11.678167948531573
Current segment is :  1589
11.763797818251485
11.848804379521052
11.933201080485105
12.017000891889888
12.100216330500272
12.182859481059436
12.264942016900442
12.346475219309557
12.42746999573255
12.507936896907397
12.587886132999822
12.667327588811727
Current segment is :  1601
12.746270838126858
12.824725157252793
12.902699537813648
12.98020269884358
13.057243098227259
13.133828943529915
13.209968202256338
13.285668611575202
13.360937687542425
13.435782733854735
13.51021085016241
13.584228939968018
13.657843718136085
Current segment is :  1614
13.731061718036912
13.803889298346045
13.87633264951953
13.94839779996363
14.020090621916458
14.091416837057805
14.162382021862372
14.2329916127106
14.303250910770396
14.373165086662185
14.44273918491894
14.511978128252085
14.58088672163352
14.649469656203358
Current segment is :  1628
14.717731513012389
14.785676766607745
14.853309788469714
14.920634850307195
14.987656127218841
15.054377700726517
15.120803561687328
15.18693761309011
15.25278367274193
15.318345475849851
15.383626677502898
15.448630855058923
15.513361510440758
15.57782207234586
15.64201589837339
Current segment is :  1643
15.705946277072467
15.76961642991514
15.833029513197431
15.896188619871644
15.95909678131293
16.021756969022984
16.0841720962736
16.146345019692625
16.20827854079479
16.269975407459754
16.33143831535951
16.392669909337336
16.453672784740224
16.514449488706735
16.575002521412053
16.635334337272
Current segment is :  1659
16.695447346107624
16.755343914271947
16.815026365740355
16.874496983166054
16.933758008901968
16.99281164599034
17.05166005912131
17.110305375561634
17.16874968605467
17.226995045692725
17.285043474762777
17.342896959566563
17.400557453216003
17.45802687640481
17.51530711815719
17.572400036554455
17.629307459440334
Current segment is :  1676
17.68603118510572
17.742572982953625
17.79893459414501
17.855117732226148
17.911124083738194
17.966955308809542
18.022613041731585
18.078098891518433
18.133414442451123
18.18856125460686
18.24354086437378
18.298354784951712
18.353004506839408
18.407491498308698
18.461817205865966
18.51598305470138
18.56999044912628
18.623840772999067
Current segment is :  1694
18.677535390140005
18.73107564473526
18.784462861730514
18.83769834721449
18.89078338879272
18.943719255951795
18.996507200414484
19.049148456485927
19.101644241391185
19.153995755604452
19.20620418317014
19.258270692016083
19.310196434259108
19.3619825465032
19.413630150130473
19.46514035158516
19.516514242650814
19.567752900720944
19.618857389063248
Current segment is :  1713
19.66982875707765
19.72066804054829
19.77137626188967
19.821954430387105
19.872403542431627
19.922724581749534
19.97291851962669
20.02298631512775
20.072928915310445
20.12274725543505
20.17244225916919
20.222014838788073
20.271465895370323
20.320796318989483
20.37000698890135
20.41909877372719
20.46807253163303
20.516929110505053
20.565669348121215
20.614294072319232
Current segment is :  1733
20.66280410116096
20.7112002430933
20.759483297105756
20.807654052884608
20.85571329096394
20.903661782873506
20.951500291283516
20.999229570146472
21.046850364836086
21.094363412283354
21.141769441109883
21.189069171758515
21.236263316621322
21.283352580165033
21.330337659053964
21.37721924227051
21.423998011233248
21.470674639912716
21.517249794944924
21.563724135742646
21.610098314604564
Current segment is :  1754
21.656372976822283
21.702548760785287
21.7486262980839
21.794606213610248
21.840489125657335
21.886275646016223
21.93196638007138
21.977561926894243
22.023062879335026
22.068469824112828
22.11378334190405
22.159004007429207
22.20413238953811
22.24916905129352
22.294114550053255
22.338969437550798
22.383734259974478
22.428409558045193
22.47299586709274
22.517493717130808
22.561903632930594
22.60622613409315
Current segment is :  1776
22.65046173512042
22.694610945485056
22.73867426969899
22.78265220738081
22.826545253321967
22.870353897551844
22.914078625401686
22.95771991756743
23.00127825017148
23.0447540948234
23.088147918679592
23.13146018450196
23.174691350715584
23.217841871465417
23.26091219667204
23.303902772086495
23.346814039344174
23.389646436017863
23.43240039566986
23.47507634790328
23.51767471841249
23.560195929032734
23.602640397788942
Current segment is :  1799
23.645008538943763
23.687300763044803
23.729517476971115
23.771659083978946
23.813725983746743
23.85571857241945
23.89763724265209
23.93948238365269
23.98125438122449
24.0229536178075
24.06458047251943
24.10613532119597
24.147618536430425
24.189030487612747
24.23037154096799
24.27164205959414
24.312842403499374
24.353972929638765
24.39503399195041
24.43602594139102
24.476949125970968
24.517803890788816
24.55859057806531
24.599309527176874
Current segment is :  1823
24.639961074688614
24.680545554386807
24.72106329731094
24.761514631785246
24.801899883449792
24.842219375291112
24.882473427672384
24.92266235836317
24.96278648256872
25.002846112958874
25.042841559696505
25.08277313046559
25.122641130498863
25.162445862605075
25.20218762719586
25.241866722312224
25.281483443650668
25.32103808458892
25.36053093621133
7.608159280863399
7.73959711793856
7.868802809754512
7.995886944937103
8.120951244480906
8.244089528395566
Current segment is :  1848
8.365388550750387
8.48492872439962
8.602784752715374
8.71902618252499
8.833717889954913
8.946920508881327
9.058690810071253
9.16908203778467
9.278144209535245
Current segment is :  1857
2.7834432628605734
3.1427105104969737
3.4609071743830992
3.7498487580816704
4.016526180162975
4.265497543760417
4.4999367832022035
4.722162127285458
4.933929528116918
5.136607737098484
Current segment is :  1867
1.5409823211295453
2.1899190326597573
2.646556919762576
3.0244063408472774
3.3550497423287906
3.6531079163652462
Current segment is :  1873
3.9268474343028865
4.181504641319519
4.420653006747242
4.646863930444193
Current segment is :  1877
4.862062829092472
5.0677368475392175
5.265063589255409
5.454994818583908
5.6383130495368015
Current segment is :  1882
5.815671062689717
5.987620264977905
6.154631524166983
6.317110788128337
6.47541100377111
6.629841355669642
Current segment is :  1888
6.7806745274385
6.928152480546768
7.072491105137934
7.213884001238367
7.3525055814894955
7.488513638731584
7.62205148726108
Current segment is :  1895
7.753249761330906
7.882227935745907
8.00909561936934
8.133953661715791
8.256895104658442
8.378006004981714
8.497366148601255
8.615049673414955
Current segment is :  1903
8.731125614693145
8.84565838447911
8.958708194514125
9.070331430620014
9.180580985186912
9.28950655336321
9.397154897681128
9.503570085138213
9.608793700163035
Current segment is :  1912
9.712865036399865
9.815821269833812
9.917697615430408
10.018527469170268
10.118342537110868
10.217172952896094
10.315047384953795
10.411993134467139
10.508036225072882
10.603201485125368
Current segment is :  1922
10.69751262326632
10.790992297954908
10.883662181538229
10.975543019377563
11.06665468448921
11.157016228109214
11.246645926547814
11.335561324661263
11.423779276234992
11.511315981542342
11.59818702231678
Current segment is :  1933
11.684407394352155
11.769991537924842
11.854953366213149
11.939306291872901
12.023063251913428
12.106236731005026
12.188838783337186
12.270881053136263
12.352374793941811
12.433330886732199
12.513759856982409
12.593671890729965
Current segment is :  1945
12.67307684971862
12.751984285683724
12.830403453838022
12.908343325611957
12.985812600698239
13.06281971844659
13.139372868651048
13.215480001768936
13.291148838607715
13.366386879513195
13.441201413090157
13.515599524484138
13.5895881032511
Current segment is :  1958
13.663173850839781
13.736363287709791
13.80916276010688
13.881578446515391
13.953616363806491
4.186084909141947
4.424971606785396
4.650961757426491
4.8659710505911224
5.071479877010984
5.2686609808014175
5.4584625268951825
5.641664297553634
5.818916956921123
Current segment is :  1972
5.990770242919746
6.157693686725968
6.320092151293259
6.478317692323602
6.632678754484066
6.783447401212801
Current segment is :  1978
6.930865069671646
7.075147203279446
7.2164870187304215
7.35505859758929
7.491019445043008
7.624512624087114
7.755668548315088
Current segment is :  1985
7.8846064978639046
8.01143590910604
8.136257478091368
8.25916410963452
8.380241737676016
8.499570037658604
8.617223047819042
8.733269713252994
Current segment is :  1993
8.84777436418373
8.960797137916304
9.072394352383824
9.182618837911974
9.291520232781087
9.399145247304753
9.50553790043316
