1.0
Current segment is :  0
2.0
Current segment is :  1
3.0
4.0
Current segment is :  3
5.0
6.0
7.0
8.0
Current segment is :  7
9.0
10.0
11.0
12.0
13.0
14.0
15.0
16.0
Current segment is :  15
17.0
18.0
19.0
20.0
21.0
22.0
23.0
24.0
25.0
26.0
27.0
28.0
29.0
30.0
31.0
32.0
Current segment is :  31
33.0
34.0
35.0
36.0
37.0
38.0
39.0
40.0
41.0
42.0
43.0
44.0
45.0
46.0
47.0
48.0
49.0
50.0
51.0
52.0
53.0
54.0
55.0
56.0
57.0
58.0
59.0
60.0
6.0
6.166666666666667
6.328828828828829
6.4868359462665515
Current segment is :  63
6.640994307643879
6.791574168682005
6.93881543781388
7.082932255585165
7.2241167204247745
7.36254194785399
7.4983646035458165
Current segment is :  70
7.63172701693488
7.762758957383089
7.891579136586117
8.018296487155904
8.143011256883096
8.265815950190467
8.386796142106904
8.5060311852695
Current segment is :  78
8.623594826669237
8.739555747851133
8.853978039881925
8.966921622472213
9.078442615082864
9.188593666579141
9.297424248960557
9.40498091984301
9.511307557666397
Current segment is :  87
9.616445573016765
9.720434098965058
9.823310162916407
9.925108842120801
10.025863404706165
10.125605437849226
10.224364964490668
10.322170549822667
10.419049398624209
10.51502744438835
Current segment is :  97
10.61012943107253
10.704378988205304
10.797798699998193
10.890410169037727
10.982234075068657
11.073290229323296
11.163597624802906
11.25317448287402
11.34203829650473
11.430205870432617
11.517693358526492
Current segment is :  108
11.604516298578087
11.690689644736645
11.776227797778816
11.861144633387976
1.1861144633387977
2.0292034154666525
2.5220076323223743
2.918517138155692
3.2611568941216045
3.567796541481886
3.8480815825074175
4.107951332812554
Current segment is :  120
4.351381675332055
4.5811937383990555
4.799477455941519
5.007833471607776
5.207520622881788
Current segment is :  125
5.399550587315536
5.584751185741111
5.763810192443716
5.937306537155239
6.10573307766516
6.269513574991191
Current segment is :  131
6.429015582290283
6.584560391165013
6.736430818436327
6.884877381156631
7.030123250420319
7.172368267239933
7.311792229136527
Current segment is :  138
7.448557603296796
7.582811784207928
7.714688986024096
7.844311839493834
7.971792748012193
8.097235045825236
8.220733992606531
8.342377631836236
Current segment is :  146
8.462247535133804
8.580419450555583
8.696963869597388
8.811946525038303
8.925428829675377
9.037468264315782
9.148118722027316
9.257430814533523
9.365452145725117
Current segment is :  155
9.472227556505093
9.577799344559661
9.68220746212667
9.785489694397734
9.887681820824735
9.988817761292992
10.088929708862507
10.18804825055693
10.286202477490958
10.383420085465161
Current segment is :  165
10.479727467018549
10.575149795809747
10.669711104094594
10.763434353978674
10.856341503045863
10.948453564896482
11.039790665069813
11.130372092774238
11.220216348803126
11.309341189974898
11.397763670400764
Current segment is :  176
11.485500179852783
11.572566479477604
11.658977735077075
11.74474854815543
11.829892984913682
11.914424603354801
11.998356478648084
12.081701226887526
12.164471027366826
12.246677643482748
12.328332442368728
12.409446413351803
Current segment is :  188
12.490030185317977
12.570094043063934
12.649647942706538
12.72870152621568
12.807264135130692
12.88534482351573
12.962952370205128
13.040095290385755
13.116781846559718
13.193020058927509
13.2688177152286
13.34418238007378
13.419121403800949
Current segment is :  201
13.493641930883799
13.567750907920697
13.64145509122909
13.714761054069005
13.78767519351756
13.860203737014883
13.932352748600435
14.004128134857465
14.075535650582125
14.14658090419268
14.217269362893228
14.287606357605446
14.357597087680935
14.427246625406019
Current segment is :  215
14.496559920310053
14.565541803287612
14.634196990544313
14.702530087375395
14.770545591785664
14.838247897958846
14.90564129958395
14.972729993045794
15.039518080486392
15.106009572743547
15.172208392172626
15.238118375357137
15.303743275713417
15.36908676599445
15.434152440697556
Current segment is :  230
1.5434152440697557
2.19132902089831
2.6476730890246296
3.025363221596241
3.3559020451205055
3.6538845209362116
3.92756585768075
4.182176483252922
4.421286430909219
4.647464946060149
4.862636014934534
5.0682857894454605
5.26559115886296
5.455503358619832
5.638804501386058
5.816147056843371
Current segment is :  246
5.988082186788785
6.155080562697227
6.317547973125693
6.475837234125992
6.630257421639393
6.781081128232785
Current segment is :  252
6.928550238407051
7.072880576730456
7.214265686962625
7.352879933150863
7.48888106591674
7.622412362674967
7.7536044252950305
Current segment is :  259
7.882576700013823
8.009438770382037
8.13429146339442
8.257227800812394
8.378333821394946
8.49768929484796
8.615368344446336
8.73143999222964
Current segment is :  267
8.845968638236476
8.959014483287014
9.070633903242802
9.180879781388374
9.289801804529032
9.39744672753616
9.503858610358526
9.609079030926448
9.713147276882335
Current segment is :  276
9.81610051865805
9.91797396607225
10.018801010327541
10.118613353038928
10.21744112371362
10.315312986922022
10.412256240245291
10.508296903952242
10.603459803244125
10.697768643807093
Current segment is :  286
10.791246081326635
10.883913785543891
10.975792499369078
11.066902093510684
11.15726161702959
11.246889344183867
11.33580281789179
11.424018890106954
11.511553759369642
11.59842300577229
11.684641623553546
Current segment is :  297
11.770224051514727
11.855184201433989
11.939535484637082
12.023290836868894
12.106462741596802
12.189063251865097
12.271104010809143
12.352596270928457
12.433550912209292
12.513978459179645
12.593889096972573
12.673292686467448
Current segment is :  309
12.752198778573078
12.830616627711397
12.908555204555803
12.986023208073894
13.063029076920506
13.139581000223409
13.21568692780078
13.29135457984665
13.366591456117808
13.44140484465317
13.515801830054425
13.5897893013546
13.663373959499397
Current segment is :  322
13.736562324464316
13.809360742029025
13.881775390228958
13.953812285502734
14.025477288552757
14.096776109935197
14.167714315394473
14.238297330956371
14.30853044779302
14.378418826872105
14.447967503401896
14.517181391082952
14.586065286176682
14.654623871400327
Current segment is :  336
14.722861719657326
14.790783297611483
14.85839296911289
14.925694998483008
14.992693553665976
15.059392709252698
15.125796449383971
15.191908670538496
15.25773318421131
15.32327371948786
15.388533925518653
15.45351737389912
15.51822756095912
15.582667909966233
15.646841773246758
Current segment is :  351
15.710752434228183
15.774403109406627
15.837796950242588
15.900937044988195
15.963826420448944
16.026468043682772
16.088864823639174
16.15101961274093
16.212935208410887
16.27461435454608
16.336059742941455
16.397274014665214
16.458259761387847
16.519019526666682
16.57955580718779
16.63987105396699
Current segment is :  367
16.6999676735115
16.759848028943935
16.81951444108998
16.87896918953129
16.93821451362491
16.997252613490488
17.056085650966576
17.114715750537126
17.173145000229376
17.23137545248414
17.289409124999576
17.347248001549385
17.404894032776394
17.462349136962423
17.5196152007753
17.576694079993818
17.63358760021149
Current segment is :  384
17.69029755751978
17.746825719171586
17.80317382422565
17.859343584172567
17.91533668354304
17.97115478049896
18.026799507407947
18.082272471401865
18.137575254919895
18.192709416236674
18.247676489975976
18.302477987610448
18.357115397947833
18.411590187604155
18.465903801464258
18.520057663130142
18.574053175357452
18.627891720480534
Current segment is :  402
18.68157466082641
18.735103339118016
18.78847907886705
18.841703184756746
18.894776943014918
18.947701621777515
19.000478471443053
19.053108725018138
19.105593598454405
19.157934290977085
19.210131985405496
19.262187848465665
19.31410303109533
19.365878668741562
19.417515881651198
19.469015775154308
19.520379439940903
19.57160795233108
19.622702374538783
Current segment is :  421
19.67366375492936
19.724493128271142
19.775191515981124
19.825759926365006
19.876199354851686
19.92651078422241
19.97669518483467
20.026753514841086
20.076686720403284
20.12649573590103
20.176181484136688
20.225744876535106
20.275186813339133
20.32450818380079
20.373709866368294
20.422792728868988
20.471757628688316
20.52060541294494
20.569336918662074
20.617952972935207
Current segment is :  441
20.666454393096203
20.714841986873974
20.763116552551747
20.811278879121026
20.85932974643237
20.90726992534301
20.955100177861432
21.002821257288982
21.05043390835856
21.097938867370495
21.14533686232566
21.1926286130559
21.23981483135182
21.28689622108804
21.333873478345925
21.380747291533904
21.427518341505387
21.474187301674377
21.52075483812881
21.567221609741683
21.61358826828004
Current segment is :  462
21.659855458511824
21.70602381831069
21.752093978758797
21.798066564247648
21.843942192577003
21.88972147505193
21.935405016578017
21.980993415754792
22.026487264967415
22.071887150476645
22.117193652507144
22.162407345334156
22.207528797368585
22.25255857124052
22.29749722388123
22.34234530660367
22.38710336518154
22.431771939926914
22.47635156576646
22.520842772316332
22.56524608395568
22.60956201989892
Current segment is :  484
22.653791094266655
22.697933816155402
22.74199068970608
22.78596221417129
22.829848883981445
22.87365118880974
22.917369613635994
22.96100463880943
23.00455674011034
23.048026388810694
23.091414051733775
23.134720191312738
23.177945265648216
23.221089728564955
23.264154029667495
23.307138614394916
23.350043924074686
23.39287039597562
23.435618463359948
23.478288555534533
23.520881097901267
23.56339651200662
23.605835215590393
Current segment is :  507
23.648197622633695
23.690484143406124
23.732695184512192
23.774831148937025
23.816892436091308
23.858879441855528
23.90079255862352
23.94263217534532
23.98439867756932
24.026092447483812
24.06771386395783
24.109263302581393
24.1507411357051
24.192147732479125
24.2334834588916
24.27474867780643
24.315943749000482
24.35706902920027
24.398124872118036
24.439111628487286
24.480029646097808
24.520879269830164
24.561660841689637
24.602374700839693
Current segment is :  531
24.643021183634943
24.683600623653607
24.7241133517295
24.764559695983543
24.804939981854815
24.84525453213115
24.885503666979286
24.925687703974564
24.96580695813021
25.005861741926186
25.04585236533763
25.085779135862875
25.12564235855108
25.165442336029454
25.205179368530104
25.244853753916487
25.284465787709507
25.324015763113223
25.363503971040206
25.40293070013654
25.442296236806474
25.48160086523672
25.52084486742044
25.560028523180858
25.599152110194584
Current segment is :  556
25.638215904014604
25.677220178092952
25.71616520380306
25.755051250461843
25.793878585351425
25.83264747374062
25.87135817890611
25.91001096215331
25.948606082837
25.987143798381627
26.02562436430139
26.06404803422001
26.10241505989028
26.140725691213305
26.178980176257543
26.217178761277555
26.255321690732536
26.293409207304578
26.331441551916708
26.369418963750707
26.40734168026466
26.44520993721032
26.4830239686502
26.520784006974516
26.55849028291783
26.59614302557554
Current segment is :  582
26.633742462420138
26.671288819317258
26.70878232054153
26.74622318879223
26.783611645208723
2.6783611645208723
3.0517238062909895
3.379407457720567
3.675317321361131
3.9474026714308925
4.200733806670133
4.438787453014529
4.664074203187905
4.878479025331708
5.0834609458867535
5.280177318972917
5.469564898137496
5.652394797521361
5.829310960638367
6.000857822137498
6.167500663817724
6.329640897683705
6.487627743409178
6.641767290182019
6.792329626426201
6.93955451906236
7.083655988004363
Current segment is :  609
7.224826028121137
7.363237665454369
7.499047487904027
7.632397756936594
7.7634181822139805
7.892227422748131
8.018934364456078
8.14363921357325
Current segment is :  617
8.26643443740061
8.3874055776876
8.506631957136834
8.624187295728982
8.740140250565114
8.854554890528739
8.967491115145704
9.079005025464616
9.189149253515511
Current segment is :  626
9.297973255869966
9.405523575975337
9.511844079233052
9.616976164207328
9.720958952864102
9.823829462332242
9.925622760336276
10.026372106160307
10.126109078757363
10.224863693409679
Current segment is :  636
10.322664508167193
10.419538721138933
10.515512259580824
10.610609861610518
10.704855151282135
10.798270707669204
10.890878128530563
10.982698089069864
11.073750396243382
11.164054039021824
11.253627234968807
Current segment is :  647
11.34248747346086
11.430651555840479
11.518135632764253
11.60495523898207
11.691125325760252
11.776660291140924
11.861574008211651
11.945879851543042
12.029590721937476
12.112719069619029
12.195276915983037
12.277275874013208
Current segment is :  659
12.358727167464767
12.439641648903647
12.520029816684037
12.59990183093974
12.679267528658466
12.75813643790261
12.836517791234836
12.914420538402206
12.991853358328305
13.06882467045899
13.145342645503863
13.221415215612337
13.29705008402031
Current segment is :  672
13.372254734200709
13.447036438548773
13.52140226663066
13.595359093021951
13.668913604760686
13.74207230843789
13.814841536946897
13.887227455911336
13.959236069810315
14.030873227818029
14.102144629373948
14.173055829498576
14.243612243868911
14.313819153666701
Current segment is :  686
14.383681710211844
14.453204939392453
14.522393745902384
14.591252917296368
14.659787127872253
14.728000942389295
14.79589881963086
14.86348511581945
14.930764087891465
14.997739896638652
15.064416609722876
1.5064416609722877
2.170257609446907
2.6310324021015226
3.0111113396323774
Current segment is :  701
3.3432146354613814
3.642327946761538
3.916877634383466
4.172183031524729
Current segment is :  705
4.411865709020915
4.638527186489575
4.85411285836246
5.060123725678254
5.257747351939678
Current segment is :  710
5.4479428735314634
5.631498395902751
5.809071029276412
5.981215593348744
6.148405687802457
6.311049477229667
Current segment is :  716
6.469501728888921
6.624073138234806
6.775037654950043
6.922638310611251
7.067091906932637
7.208592826005025
7.347316155805606
Current segment is :  723
7.483420275839944
7.617049012853216
7.748333451001451
7.8773934619475146
8.004339006159645
8.129271245939902
8.25228350248128
8.373462082894727
Current segment is :  731
8.492886998192642
8.61063258932235
8.726768075260985
8.841358034725456
8.954462831078278
9.066138988416192
9.176439525533228
9.285414253391187
9.393110040860742
Current segment is :  740
9.49957105277798
9.604838963765138
9.708953150767394
9.811950866841547
9.91386739838263
10.014736207679306
10.114589062438796
10.213456153709322
10.31136620344668
10.408346562816105
Current segment is :  750
10.504423302187227
10.59962129366495
10.69396428689978
10.787474978835137
10.88017507797437
1.088017507797437
2.0071203649052993
2.5053465886460873
2.9044929600630693
3.248787132488361
3.5565943107426237
Current segment is :  761
3.837762167582387
4.098330685466848
4.342332469789943
4.572623449800594
Current segment is :  765
4.791316287944441
5.000027201585464
5.200026113527965
5.392332840103526
5.577781333297948
Current segment is :  770
5.7570640875411545
5.930763734582447
6.099376082798069
6.263327278203166
6.422986825849682
6.5786776324967455
Current segment is :  776
6.730683864731062
6.87925717765102
7.0246217096311225
7.1669781298535735
7.306506949654846
7.443371255251276
7.577718980993762
Current segment is :  783
7.709684814314867
7.83939180287337
7.966952718968094
8.092471224634528
8.216042871939973
8.337755966137092
8.457692314005918
8.575927875536573
Current segment is :  791
8.692533333804542
8.807574595264086
8.921113230581204
9.03320686443085
9.143909521306517
9.253271933267163
9.361341814625002
9.468164107817813
9.573781204079834
Current segment is :  800
9.678233142001066
9.781557786626566
9.88379099137921
9.984966744779115
10.085117303670348
10.184273314442386
10.282463923543764
10.379716878422633
10.476058619889473
10.57151436677709
Current segment is :  810
10.666108193669354
10.759863102380436
10.852801087788333
10.944943198558722
11.036309593236009
11.12691959212666
11.216791725354584
11.305943777428404
11.394392828625389
11.482155293465794
11.569246956523955
Current segment is :  821
11.655683005798199
11.741478063840061
11.82664621682411
11.911201041722604
11.995155631733905
12.078522620099978
12.16131420243604
12.24354215768447
12.325217867795237
12.40635233622625
12.486956205349008
12.567039772837747
Current segment is :  833
12.64661300711376
12.725685561910645
12.80426679002091
12.882365756279512
12.959991249835504
13.03715179575892
13.113855666026451
13.190110889926059
13.265925263917694
13.341306360984472
13.41626153950615
13.490797951684414
13.564922551547326
Current segment is :  846
13.638642102558396
13.711963184853856
13.784892202130141
13.857435388202026
13.929598813250458
14.00138838977787
14.072809878287545
14.14386889270249
14.21457090553831
14.28492125284358
14.354925138920372
14.424587640836785
14.493913712742573
14.56290818999828
Current segment is :  860
14.631575793127633
14.699921131602364
14.767948707468072
14.835662918819192
14.903068063130707
14.970168340453734
15.036967856481734
15.103470625493703
15.169680573180301
15.235601539358585
15.301237280580661
15.36659147264127
15.431667712989066
15.496469523046075
15.561000350439555
Current segment is :  875
15.625263571150281
15.68926249158106
1.568926249158106
2.206304838837898
2.6595513632514143
3.0355546297487597
3.3649837199716446
3.6621619779420653
3.9352247223054224
4.189339816249577
4.4280409108996714
4.653874416082175
4.868749144232197
5.074140707932837
5.271218411835807
5.460927872129586
Current segment is :  891
5.644046936035118
5.821224768064717
5.993009923224162
6.159870985163137
6.322212047566657
6.480384534107169
Current segment is :  897
6.634696364637728
6.785419162643964
6.932793993296334
7.077035983029038
7.218338076504051
7.356874120313781
7.492801415472849
Current segment is :  904
7.626262846591919
7.75738867061815
7.886298029483665
8.013100237092534
8.137895880527894
8.26077776728105
8.381831744058003
8.501137407847892
Current segment is :  912
8.618768726108534
8.73479457989096
8.849279241304998
8.962282794784517
9.073861510040182
9.184068173310665
9.292952382479108
9.400560810763471
9.506937442980457
Current segment is :  921
9.612123787794197
9.716159068870146
9.81908039744369
9.920922928467302
10.021720002208353
10.121503272922327
10.220302826015914
10.318147284934929
10.4150639088583
10.511078682147351
Current segment is :  931
10.606216396385802
10.700500725747663
10.793954296344952
10.886598750133182
10.978454803888058
11.069542303710515
11.15988027546792
11.249486971536
11.338379914167984
11.42657593578395
11.514091216443692
Current segment is :  942
11.600941318740247
11.68714122032794
11.77270534427817
11.857647587437771
11.941981346948335
12.025719545070336
12.108874652442678
12.191458709896628
12.2734833489325
12.354959810958007
12.435898965378653
12.516311326622821
Current segment is :  954
12.59620707017731
12.675596047702744
12.754487801292607
12.832891576934514
12.910816337227617
12.988270773405796
13.06526331671245
13.14180214916911
13.217895213776936
13.293550224187195
13.368774673874121
13.443575844841138
13.517960815889131
Current segment is :  967
13.591936470473408
13.665509504174114
13.738686431803087
13.811473594168563
13.883877164517655
13.955903154675191
14.02755742089622
14.098845669448341
14.169773461938968
14.240346220401626
14.310569232154482
14.380447654443449
14.449986518881442
14.519190735694607
Current segment is :  981
14.588065097785709
14.656614284624187
14.724842865971864
14.79275530545269
14.86035596397446
1.486035596397446
2.158966986751938
2.6221514662443512
3.0035176889333393
3.3364606257053007
3.6361794332031736
3.911193364272874
4.166869805416026
4.406858105194487
4.633777142778491
Current segment is :  996
4.849583809605023
5.055787071422957
5.253580211417389
5.443926596122193
5.627617537273442
Current segment is :  1001
5.80531262642559
1
2.0
2.5
2.9
3.2448275862068963
Current segment is :  1007
3.5530103704789475
3.8344618428159674
4.095254632258779
4.339439692724345
Current segment is :  1011
4.569884190357676
4.7887081163796905
4.997532704493449
5.197631445038131
5.390026771750771
Current segment is :  1016
5.575554607204394
5.754908962142979
5.92867365704575
6.097345447373015
6.261351244425376
6.4210611793839565
Current segment is :  1022
6.576798676981813
6.7288483365677
6.877462178042702
7.02286464978477
7.165256686349315
7.3048190277662135
7.441714958548197
Current segment is :  1029
7.576092585959378
7.70808674899974
7.837820628827931
1
2.0
2.5
2.9
3.2448275862068963
Current segment is :  1037
3.5530103704789475
3.8344618428159674
4.095254632258779
4.339439692724345
Current segment is :  1041
4.569884190357676
4.7887081163796905
4.997532704493449
5.197631445038131
5.390026771750771
Current segment is :  1046
5.575554607204394
5.754908962142979
5.92867365704575
6.097345447373015
6.261351244425376
6.4210611793839565
Current segment is :  1052
6.576798676981813
6.7288483365677
6.877462178042702
7.02286464978477
7.165256686349315
7.3048190277662135
7.441714958548197
Current segment is :  1059
7.576092585959378
7.70808674899974
7.837820628827931
7.965407115857494
8.090949977064074
8.214544858114477
8.336280148051104
8.456237728919326
Current segment is :  1067
8.574493628535313
8.691118591282043
8.806178579187753
8.919735213431279
9.031846164717614
9.142565499586983
9.25194398859482
9.36002938137635
9.466866652847923
Current segment is :  1076
9.572498224166102
9.676964161540262
9.780302355555111
9.882548683290779
9.983737155217133
10.083900048575902
10.183068028740603
10.281270259853821
10.378534505878438
10.474887223059616
Current segment is :  1086
10.570353644674025
10.664957858838974
10.758722880064184
10.851670715150911
10.943822423975233
11.035198175633012
11.125817300372258
11.215698337693134
11.304859080955927
11.39331661880216
11.481087373662929
Current segment is :  1097
11.568187137601138
11.654631105709987
11.740433907268422
11.825609634835093
11.910171871445227
11.994133716059537
12.077507807400627
12.160306346300121
12.242541116668736
12.324223505191693
12.405364519842939
12.485974807303695
Current segment is :  1109
12.566064669363568
12.645644078376003
12.724722691833897
12.803309866125856
12.881414669528743
12.959045894487716
13.036212069230979
13.112921468762785
13.189182125274927
13.265001838013873
13.340388182637986
13.415348520096641
13.48989000506082
Current segment is :  1122
13.56401959393255
13.637744052458643
13.711069962972392
13.78400373128519
13.856551593248572
13.928719621005726
14.000513728950287
14.071939679408962
14.14300308806351
14.213709429126533
14.284064040284603
14.354072127421412
14.423738769132767
14.49306892104456
Current segment is :  1136
14.562067419944125
14.630738987734725
14.699088235222384
14.767119665743616
1.4767119665743618
2.1538920955603644
2.618167906805141
3.000114380673681
3.333435005527807
3.633425855309401
3.908648204635378
4.164491132329426
4.404616508569727
4.631651029748671
4.8475567604648
Current segment is :  1151
5.0538462480177255
5.251715346309394
5.442129322326343
5.625880927768261
5.803630868237884
Current segment is :  1156
5.975936795803471
6.143274576333921
6.306054212434244
6.464631980133768
6.619319826723189
6.770392750554857
Current segment is :  1162
6.918094669312531
7.062643139346603
7.20423319002167
7.343040468134913
7.479223838543874
7.612927551868583
7.744283064342172
Current segment is :  1169
7.873410575784051
8.000420337357474
8.12541376993133
8.248484425569885
8.369718818266323
8.489197145043272
8.60699391462164
8.723178497754805
Current segment is :  1177
8.83781561085038
8.950965742515525
9.062685531057467
9.173028099667293
9.282043354949927
9.389778253588029
9.496277041205072
9.601581466893258
9.705730976372301
Current segment is :  1186
9.80876288632678
9.910712542118132
10.011613460770574
10.111497460878887
10.210394780872189
10.308334186885498
10.405343071334764
10.50144754315702
10.596672510561788
10.69104175704018
Current segment is :  1196
10.784578011291687
10.877303011653591
10.969237565552534
11.06040160444074
11.150814234629367
11.240493784387667
11.329457847638068
1.132945784763807
2.0156005538165704
2.511730602057768
2.909862471447239
Current segment is :  1207
3.2535213246791046
3.5608806133410993
3.841710022856663
Current segment is :  1210
4.102010772796246
4.345793652800318
4.5759012188499915
4.794437404876166
Current segment is :  1214
5.0030124504035
5.202892024942506
5.395092823115144
5.580446445895372
5.7596435781849475
Current segment is :  1219
5.933265432805878
6.1018066874193755
6.265692574211198
6.425291850453361
6.580926804207165
6.73288108507847
Current segment is :  1225
6.881405912320142
7.0267250538940536
7.169038861867204
7.308527574268959
7.445354040316743
7.579665987684857
7.7115979226309035
Current segment is :  1232
7.84127273322565
7.968803050563386
8.094292411218284
8.217836255349
8.339522788023475
8.459433726025361
8.577644948240332
8.694227064431226
Current segment is :  1240
8.809245914593431
8.922763008984381
9.034835917229628
9.145518613535488
9.254861783918411
9.362913100442407
9.469717466698114
9.57531723812917
1
Current segment is :  1249
2.0
Current segment is :  1250
2.5
2.9
Current segment is :  1252
3.2448275862068963
3.5530103704789475
3.8344618428159674
Current segment is :  1255
4.095254632258779
4.339439692724345
4.569884190357676
4.7887081163796905
Current segment is :  1259
4.997532704493449
5.197631445038131
5.390026771750771
5.575554607204394
5.754908962142979
Current segment is :  1264
5.92867365704575
6.097345447373015
6.261351244425376
6.4210611793839565
6.576798676981813
6.7288483365677
Current segment is :  1270
6.877462178042702
7.02286464978477
7.165256686349315
7.3048190277662135
7.441714958548197
7.576092585959378
7.70808674899974
Current segment is :  1277
7.837820628827931
7.965407115857494
8.090949977064074
8.214544858114477
8.336280148051104
8.456237728919326
8.574493628535313
8.691118591282043
Current segment is :  1285
8.806178579187753
8.919735213431279
9.031846164717614
9.142565499586983
9.25194398859482
9.36002938137635
9.466866652847923
9.572498224166102
9.676964161540262
Current segment is :  1294
9.780302355555111
9.882548683290779
9.983737155217133
10.083900048575902
10.183068028740603
10.281270259853821
10.378534505878438
10.474887223059616
10.570353644674025
10.664957858838974
Current segment is :  1304
10.758722880064184
10.851670715150911
10.943822423975233
11.035198175633012
11.125817300372258
11.215698337693134
11.304859080955927
11.39331661880216
11.481087373662929
11.568187137601138
11.654631105709987
Current segment is :  1315
11.740433907268422
11.825609634835093
11.910171871445227
11.994133716059537
12.077507807400627
12.160306346300121
12.242541116668736
12.324223505191693
12.405364519842939
12.485974807303695
12.566064669363568
12.645644078376003
Current segment is :  1327
12.724722691833897
12.803309866125856
12.881414669528743
12.959045894487716
13.036212069230979
13.112921468762785
13.189182125274927
13.265001838013873
13.340388182637986
13.415348520096641
13.48989000506082
13.56401959393255
13.637744052458643
Current segment is :  1340
13.711069962972392
13.78400373128519
13.856551593248572
13.928719621005726
1.3928719621005727
2.1108130415461757
2.584564141391332
2.9714765743177116
3.3080095992262497
3.610306182716788
3.8872910004552907
4.144539557325069
4.3858208833128005
4.613828370760546
Current segment is :  1354
4.830568119108653
5.03758310685807
5.236090998199578
5.427073164159614
5.611334545893695
Current segment is :  1359
5.789545271314047
5.9622704082872025
6.1299917512524695
6.293124107800206
1
2.0
Current segment is :  1365
2.5
2.9
Current segment is :  1367
3.2448275862068963
3.5530103704789475
3.8344618428159674
Current segment is :  1370
4.095254632258779
4.339439692724345
4.569884190357676
4.7887081163796905
Current segment is :  1374
4.997532704493449
5.197631445038131
5.390026771750771
5.575554607204394
5.754908962142979
Current segment is :  1379
5.92867365704575
6.097345447373015
6.261351244425376
6.4210611793839565
6.576798676981813
6.7288483365677
Current segment is :  1385
6.877462178042702
7.02286464978477
7.165256686349315
7.3048190277662135
7.441714958548197
7.576092585959378
7.70808674899974
Current segment is :  1392
7.837820628827931
7.965407115857494
8.090949977064074
8.214544858114477
8.336280148051104
8.456237728919326
8.574493628535313
8.691118591282043
Current segment is :  1400
8.806178579187753
8.919735213431279
9.031846164717614
9.142565499586983
9.25194398859482
9.36002938137635
9.466866652847923
9.572498224166102
9.676964161540262
Current segment is :  1409
9.780302355555111
9.882548683290779
9.983737155217133
10.083900048575902
10.183068028740603
10.281270259853821
10.378534505878438
10.474887223059616
10.570353644674025
10.664957858838974
Current segment is :  1419
10.758722880064184
10.851670715150911
10.943822423975233
11.035198175633012
11.125817300372258
11.215698337693134
11.304859080955927
11.39331661880216
11.481087373662929
11.568187137601138
11.654631105709987
Current segment is :  1430
11.740433907268422
11.825609634835093
11.910171871445227
11.994133716059537
12.077507807400627
12.160306346300121
12.242541116668736
12.324223505191693
12.405364519842939
12.485974807303695
12.566064669363568
12.645644078376003
Current segment is :  1442
12.724722691833897
12.803309866125856
12.881414669528743
12.959045894487716
13.036212069230979
13.112921468762785
13.189182125274927
13.265001838013873
13.340388182637986
13.415348520096641
13.48989000506082
1.348989000506082
2.0902848892233683
Current segment is :  1455
2.5686885772352657
2.9579922899789572
3.2960594321374357
Current segment is :  1458
3.5994520197375683
3.877272086380076
4.135185376374028
4.3770125035720975
Current segment is :  1462
4.605478837443407
4.822611525551713
5.0299680573191345
5.228776476896451
5.4200258072930625
Current segment is :  1467
5.604526773811418
5.782953970318491
5.9558759761190885
6.123777390455055
6.287075292426259
6.4461317620067415
Current segment is :  1473
6.601263558395695
6.752749708153823
6.900837530628943
7.045747477510254
7.187677060310654
7.326804067772057
7.463289224294617
Current segment is :  1480
7.597278403856999
7.728904487151817
7.858288929883947
7.985543095380095
8.110769393461002
1
2.0
2.5
Current segment is :  1488
2.9
3.2448275862068963
3.5530103704789475
Current segment is :  1491
3.8344618428159674
4.095254632258779
4.339439692724345
4.569884190357676
Current segment is :  1495
4.7887081163796905
4.997532704493449
5.197631445038131
5.390026771750771
5.575554607204394
Current segment is :  1500
5.754908962142979
5.92867365704575
6.097345447373015
6.261351244425376
6.4210611793839565
6.576798676981813
Current segment is :  1506
6.7288483365677
6.877462178042702
7.02286464978477
7.165256686349315
7.3048190277662135
7.441714958548197
7.576092585959378
Current segment is :  1513
7.70808674899974
7.837820628827931
7.965407115857494
8.090949977064074
8.214544858114477
8.336280148051104
8.456237728919326
8.574493628535313
Current segment is :  1521
8.691118591282043
8.806178579187753
8.919735213431279
1
2.0
2.5
1
2.0
2.5
Current segment is :  1530
2.9
3.2448275862068963
3.5530103704789475
Current segment is :  1533
3.8344618428159674
4.095254632258779
4.339439692724345
4.569884190357676
Current segment is :  1537
4.7887081163796905
4.997532704493449
5.197631445038131
5.390026771750771
5.575554607204394
Current segment is :  1542
5.754908962142979
5.92867365704575
6.097345447373015
6.261351244425376
1
2.0
Current segment is :  1548
2.5
2.9
Current segment is :  1550
3.2448275862068963
3.5530103704789475
3.8344618428159674
Current segment is :  1553
4.095254632258779
4.339439692724345
4.569884190357676
4.7887081163796905
Current segment is :  1557
4.997532704493449
5.197631445038131
5.390026771750771
5.575554607204394
5.754908962142979
Current segment is :  1562
5.92867365704575
6.097345447373015
6.261351244425376
6.4210611793839565
6.576798676981813
6.7288483365677
Current segment is :  1568
6.877462178042702
7.02286464978477
7.165256686349315
7.3048190277662135
7.441714958548197
7.576092585959378
7.70808674899974
Current segment is :  1575
7.837820628827931
7.965407115857494
8.090949977064074
8.214544858114477
8.336280148051104
8.456237728919326
8.574493628535313
8.691118591282043
Current segment is :  1583
8.806178579187753
8.919735213431279
9.031846164717614
9.142565499586983
9.25194398859482
9.36002938137635
9.466866652847923
9.572498224166102
9.676964161540262
Current segment is :  1592
9.780302355555111
9.882548683290779
9.983737155217133
10.083900048575902
10.183068028740603
10.281270259853821
10.378534505878438
10.474887223059616
10.570353644674025
1.0570353644674026
Current segment is :  1602
2.0030775061169015
2.5023093116492627
Current segment is :  1604
2.9019401627772967
3.246537206102598
3.554557701946685
Current segment is :  1607
3.835886655884426
4.096582575683295
4.340688481404775
4.5710666816105565
Current segment is :  1611
4.789833999974782
4.998609502425444
5.198665137800598
5.391022208989659
5.576515787245092
Current segment is :  1616
5.755839228288199
5.9295758391173035
6.098221966113946
6.262204190040315
6.4218923716538185
6.5776097119839045
Current segment is :  1622
6.729640623483271
6.878236968511039
7.023623061572104
7.165999722624892
7.305547592944053
7.442429871414983
7.5767945906367
Current segment is :  1629
7.708776524162493
7.838498795506796
7.966074244082896
8.091606591555403
8.215191443177282
8.336917151813141
8.4568655670115
8.57511268730401
Current segment is :  1637
8.691729230603851
8.806781134945162
8.92032999969803
9.032433475694305
9.14314561132098
9.252517160513175
9.360595857656012
9.46742666364387
9.573051986715042
Current segment is :  1646
9.677511881154949
9.780844226522285
9.883084889683891
9.984267871633568
10.08442544080708
10.183588254382304
10.28178546886313
10.379044841082903
10.47539282062354
10.570854634526237
Current segment is :  1656
10.665454365065887
10.759215021271539
10.852158604797191
10.944306170679425
11.035677883459087
11.126293069092482
11.216170263032113
11.305327254817085
11.393781129478157
11.481548306031407
11.568644573307022
Current segment is :  1667
11.655085123335446
11.740884582491505
11.826057040577947
11.91061607801272
1.1910616078012721
2.030648740364485
2.523102201232615
2.919439693828622
3.2619711741376314
3.5685342755924965
3.848761372425962
4.108585223071625
Current segment is :  1679
4.351978008107343
4.581758581018578
4.800015388381328
5.008348053818308
5.208014688256306
Current segment is :  1684
5.400026435507121
5.585210714129285
5.764254988586152
5.937737945530303
6.106152248952495
6.269921503178272
Current segment is :  1690
6.4294131330963005
6.584948324146999
6.736809804416024
6.885248016126334
7.030486066761234
7.17272374286272
7.312140794996515
Current segment is :  1697
7.448899649624187
7.583147665712101
7.715019026271462
7.844636334614418
7.972111969856743
8.097549244669375
8.22104339947903
8.342682460533418
Current segment is :  1705
8.462547983970355
8.580715703892793
8.69725609918247
8.812234891182626
8.925713482294693
9.037749343851713
9.148396360266291
9.257705135336778
9.365723265681304
Current segment is :  1714
9.472495585515297
9.57806438636321
9.682469614774886
9.785749050681822
9.887938468663098
9.989071784082606
10.089181185798337
10.188297256922882
10.286449084925398
10.383664362203683
Current segment is :  1724
10.479969478116326
10.57538960334552
10.66994876735813
10.7636699296433
10.856575045327494
10.948685125700436
11.040020294126519
11.13059983776486
11.220442255475998
11.309565302253585
11.39798603048447
Current segment is :  1735
11.485720828309757
11.57278545533214
11.659195075890624
11.744964290102319
11.830107162851853
11.91463725089198
11.99856762820373
12.081910909750889
12.1646792737514
12.246884482577396
12.328537902385726
12.40965052157202
Current segment is :  1747
12.490232968133402
12.570295526017736
12.649848150530836
12.728900482867177
12.807461863824313
12.885541346756414
12.963147709817887
13.04028946754411
13.116974881812627
13.19321197222488
13.269008525945479
13.344372107033294
13.419310065296084
Current segment is :  1760
13.493829544698093
13.567937491347895
13.641640661091836
13.714945626736633
13.787858784923024
13.860386362670884
13.932534423614785
14.004308873947744
14.075715468089658
14.146759814095875
14.217447378820314
14.28778349284664
14.357773355200074
14.427422037851679
Current segment is :  1774
14.496734490026185
14.565715542323721
14.634369910665207
14.70270220007052
14.77071690827805
14.838418429213677
14.905811056316793
14.972898985730485
15.039686319362604
15.106177067824063
15.172375153250321
15.238284412011682
15.303908597317722
15.369251381720868
15.434316359523843
Current segment is :  1789
15.499107049095457
15.563626895098995
15.627879270637173
15.69186747931747
15.755594757241402
15.819064274921171
15.882279139126847
15.945242394667197
16.007957026107007
16.070425959423677
16.132652063605665
16.194638152195274
16.25638698477814
16.31790126842163
16.379183659064303
16.440236762858436
Current segment is :  1805
16.50106313746754
16.561665293320722
16.622045694825594
16.682206761541426
16.74215086931411
16.801880351374436
16.861397499401157
16.920704564550146
16.979803758451034
17.03869725417252
17.097387187157572
17.15587565612967
17.21416472397114
17.272256418574685
17.330152733669024
17.387855629619686
17.445367034205802
Current segment is :  1822
17.502688843373775
17.55982292196871
17.61677110444434
17.673535195552258
17.730116971011174
17.786518178156904
17.842740536573746
17.898785738707925
17.9546554504637
18.01035131178273
18.065874937207283
18.121227916427816
18.176411814815488
18.23142817394006
18.28627851207371
18.34096432468122
18.39548708489696
18.449848243989127
Current segment is :  1840
18.504049231811656
18.558091457244174
18.6119763086204
1.86119763086204
2.3984860861115966
2.815415750949132
3.170603079734545
3.486000489896565
3.772862182228017
4.037912945203266
4.285565634493639
4.518907061340823
4.740199508037721
1
2.0
2.5
2.9
3.2448275862068963
3.5530103704789475
Current segment is :  1859
3.8344618428159674
4.095254632258779
4.339439692724345
4.569884190357676
Current segment is :  1863
4.7887081163796905
4.997532704493449
5.197631445038131
5.390026771750771
5.575554607204394
Current segment is :  1868
5.754908962142979
5.92867365704575
6.097345447373015
6.261351244425376
6.4210611793839565
6.576798676981813
Current segment is :  1874
6.7288483365677
6.877462178042702
7.02286464978477
7.165256686349315
7.3048190277662135
7.441714958548197
7.576092585959378
Current segment is :  1881
7.70808674899974
7.837820628827931
7.965407115857494
8.090949977064074
8.214544858114477
8.336280148051104
8.456237728919326
8.574493628535313
Current segment is :  1889
8.691118591282043
8.806178579187753
8.919735213431279
9.031846164717614
9.142565499586983
9.25194398859482
9.36002938137635
9.466866652847923
9.572498224166102
Current segment is :  1898
9.676964161540262
9.780302355555111
9.882548683290779
9.983737155217133
10.083900048575902
10.183068028740603
10.281270259853821
10.378534505878438
10.474887223059616
10.570353644674025
Current segment is :  1908
10.664957858838974
10.758722880064184
10.851670715150911
10.943822423975233
11.035198175633012
11.125817300372258
11.215698337693134
11.304859080955927
11.39331661880216
11.481087373662929
11.568187137601138
Current segment is :  1919
11.654631105709987
11.740433907268422
11.825609634835093
11.910171871445227
11.994133716059537
12.077507807400627
12.160306346300121
1.2160306346300123
2.0383783383161607
2.528964399403362
2.924383172493217
3.2663356257168616
Current segment is :  1931
3.572489100003672
3.852405979245927
4.111984020965129
4.355175627474653
Current segment is :  1935
4.5847874928817545
4.8029001102173625
5.011107646716543
5.210664325698532
5.402578434436661
Current segment is :  1940
5.587675238145402
5.766640542566335
5.940051732776392
6.108400434940404
6.272109414181506
6.431545408352616
Current segment is :  1946
6.587029034216674
6.738842544496566
6.887235980520186
7.032432108956673
7.174630424490552
7.314010426084293
7.4507343219696
Current segment is :  1953
7.5849492807625
7.7167893185774235
7.846376891687991
7.973824249086709
8.099234587810257
8.222703045126588
8.344317554918801
8.46415959034212
Current segment is :  1961
8.582304810706471
8.69882362727804
8.813781700098849
8.927240375843994
9.03925707505889
9.149885635757666
9.259176619252806
9.367177583174444
9.473933325885698
Current segment is :  1970
9.579486105877056
9.683875839203825
9.787140277596523
9.889315169509441
9.990434406065193
10.090530153592738
10.189632974235312
10.287771935916123
10.384974712788425
10.481267677158243
Current segment is :  1980
10.5766759837488
10.67122364707294
10.764933612590747
10.857827822252235
10.949927274957737
11.041252082409835
11.131821520779342
11.22165407856275
11.31076750096902
11.399178831138641
11.486904448467175
Current segment is :  1991
11.57396010427821
11.660360955066556
11.746121593511072
11.831256077437446
11.915777956894273
11.999700299490579
12.08303571412943
12.165796373260036
12.247994033759925
