1.0
Current segment is :  0
2.5
Current segment is :  1
4.0
5.5
7.0
Current segment is :  4
8.5
10.0
11.5
13.0
14.5
16.0
17.5
Current segment is :  11
19.0
20.5
22.0
23.5
25.0
26.5
28.0
29.5
31.0
32.5
34.0
35.5
37.0
38.5
40.0
41.5
43.0
44.5
Current segment is :  29
46.0
47.5
49.0
50.5
52.0
53.5
55.0
56.5
16.95
17.008997050147492
17.067789464365198
17.126379359798808
17.184768817312946
17.24295988235611
17.300954565799252
17.358754844748994
17.416362663336425
17.47377993348234
17.531008535639785
17.588050319514743
17.644907104765718
17.701580681682987
17.75807281184822
17.814385228775173
17.87051963853211
17.926477720346575
17.98226112719314
18.0378714863647
18.093310400027875
18.14857944576306
18.203680177089634
18.258614123976844
18.313382793340793
18.367987669528038
18.422430214786218
18.476711869722134
18.530834053747675
18.58479816551402
18.63860558333444
18.692257665596117
18.745755751161273
18.799101159757992
18.85229519236103
18.905339131562936
18.958234241935777
Current segment is :  74
19.010981770383758
19.063582946487028
19.116038982836915
19.168351075362875
19.220520403651385
19.272548131257036
19.324435406006042
19.376183360292416
19.42779311136699
19.479265761619526
19.530602398854093
19.58180409655793
19.63287191416396
19.683806897307132
19.734610078074812
19.785282475251336
19.835825094556917
19.886238928881077
19.936524958510727
Current segment is :  93
19.986684151353064
5.996005245405919
6.1627829514071255
6.325047306307321
6.483148890623189
6.637394923973794
6.788056442755519
6.935374015676887
7.079562346074004
7.220814015473392
7.359302556773184
7.495184998388475
7.628603986740998
7.759689569599679
7.888560704331373
8.015326541279414
8.140087521989301
8.2629363239584
8.383958677368106
8.50323407440691
Current segment is :  113
8.620836387979555
8.736834413576508
8.85129234566757
8.964270198047451
9.075824175996244
9.186007006845347
9.294868234498974
9.402454482606116
9.508809690371272
Current segment is :  122
9.613975324405637
9.717990569531286
9.820892501041211
9.922716240573436
10.023495097466578
10.123260697217582
10.222043098452675
10.31987089964355
10.41677133664752
10.512770372018668
Current segment is :  132
10.607892776923626
10.70216220639744
10.795601268590147
10.888231588580707
10.980073867270736
11.07114793581419
11.161472805990035
11.251066716881734
11.339947178189421
11.42813101046717
11.51563438254823
Current segment is :  143
11.602472846394866
11.688661369586343
11.774214365637883
11.859145722325122
11.94346882817224
12.027196597247267
12.110341492395058
12.192915547026628
12.274930385573088
12.35639724270291
12.437326981392765
12.517730109934458
Current segment is :  155
12.597616797953588
12.676996891509255
3.8030990674527763
4.066042520216886
4.311981906002418
4.54389382534697
4.763969390145987
4.97387837950021
5.174928731700515
5.368168107901816
5.554451394844344
5.734487176763006
5.908870686425761
Current segment is :  168
6.078107762860225
6.242632651035196
6.402821477753067
6.55900262437328
6.71146482895969
6.86046359830212
Current segment is :  174
7.006226342418638
7.148956529987027
7.288837083995909
7.426033181051734
7.560694577738137
7.692957558304026
7.822946576496459
Current segment is :  181
7.950775648345734
8.076549540633597
8.200364790570335
8.322310585122048
8.44246952292806
8.560918277440493
8.677728176518162
8.792965711003973
Current segment is :  189
8.906692982651188
9.018968100020546
9.129845529556828
9.239376407901112
9.347608820550178
9.454588051195941
9.560356805433045
9.664955411986277
9.768422004161117
Current segment is :  198
9.87079268384449
9.972101670065697
10.072381433859302
10.171662820944029
10.269975163537705
10.367346382462399
10.463803080551664
10.559370628249367
10.654073242184019
10.74793405741106
Current segment is :  208
10.840975193936313
10.933217818064751
11.02468219905858
11.115387761535963
11.205353133995612
11.294596193811918
11.38313410900962
11.470983377095507
11.558159861196838
11.644678823731455
11.730554957812718
Current segment is :  219
11.815802416572884
11.900434840571224
11.984465383437673
12.067906735888988
12.150771148241967
12.23307045153719
12.314816077376722
12.396019076570278
12.476690136676188
3.743007041002856
4.010171913803115
4.259537781774504
Current segment is :  231
4.494305038512723
4.716808849765135
4.9288165931041075
5.131705051440962
5.3265720576262074
Current segment is :  236
5.5143100604507955
5.695656410046206
5.871228798548463
6.041550895389116
6.207071308494167
6.368177883608188
Current segment is :  242
6.525208672992074
6.67846047689821
6.828195584781104
6.97464716010341
7.11802358862301
7.258512024429592
7.396281307808107
Current segment is :  249
7.531484386001512
7.664260336763445
7.7947360716759535
7.923027779157075
8.049242154251237
8.173477452536039
8.295824397983319
8.416366968802814
Current segment is :  257
8.53518308075548
8.65234518384554
2.595703555153662
2.9809555605356097
3.316418461505634
3.617948564418523
3.894348292660851
4.15113066671932
4.392028889465537
Current segment is :  266
4.619714094906362
4.836177707038244
5.0429525735913625
5.241249104325508
5.432043317707718
Current segment is :  271
5.616136105911401
5.794194468661447
5.966781012901309
6.134375566453351
6.297391343555202
6.456187255297833
Current segment is :  277
6.61107743435505
6.762338709076082
6.910216542917479
7.0549298082383665
7.196674662855099
7.335627727547796
7.4719487129005095
Current segment is :  284
7.605782607969071
7.737261517049674
7.866506211415558
7.993627448356659
8.11872709885458
8.241899116810583
8.36323037624815
8.482801397852437
Current segment is :  292
8.600686982236526
8.716956764181312
8.831675699591097
8.944904494897326
9.056699987020295
9.167115480680586
9.276201048775311
9.384003800649909
9.490568122366268
Current segment is :  301
9.595935892462487
9.70014667619495
9.803237900831181
9.90524501420698
10.006201628461923
10.106139650613663
10.205089401415819
10.3030797237604
10.400138081728246
10.496290651255844
Current segment is :  311
10.591562403270482
10.685977180045173
10.779557765437717
10.872325949602589
10.964302588698526
11.055507660057168
11.145960313227762
11.235678917268835
11.324681104618906
11.412983811844112
11.500603317530453
Current segment is :  322
11.587555277561602
11.673854757999587
11.7595162657646
11.844553777291438
11.928980765323457
12.012810223989945
12.09605469229953
12.178726276170313
12.260836669106613
12.3423971716227
12.42341870950508
12.503911850997197
Current segment is :  334
12.583886822983283
12.663353526241739
12.742321549832626
12.820800184678655
12.898798436394257
12.976325037413037
13.053388458459969
13.12999691941111
13.206158399580357
13.281880647469778
13.357171190017343
13.432037341373356
13.506486211234654
Current segment is :  347
13.580524712763513
13.654159570116274
13.727397325604985
13.800244346513656
13.872706831589337
13.944790817226727
14.016502183363869
14.08784665910525
14.15882982808755
14.22945713360232
14.299733883488901
14.369665254810059
14.439256298322034
14.50851194274994
Current segment is :  361
14.577436998878781
14.646036163469711
14.714314023010589
14.782275057309311
14.849923642937918
14.917264056534965
14.984300477973246
15.051036993399508
15.117477598152426
15.183626199564756
15.249486619655226
4.574845985896568
4.793432579430606
5.002051347595024
5.201969327341633
Current segment is :  376
5.394204217067719
5.5795883737957706
5.758813064401344
1.7276439193204032
2.3064668983017236
2.740030458540247
Current segment is :  382
3.104989905207402
3.4270521439035386
3.7188481125697646
Current segment is :  385
3.9877485811368953
4.238516647290881
4.474448243935468
4.697939486985462
Current segment is :  389
4.910798763434268
5.11443162402835
5.309956771984547
5.498282222254881
5.680157207855364
Current segment is :  394
5.856208673229783
6.026967615712699
1.8080902847138094
2.361160011626414
2.7846806519370975
3.1437882570782376
Current segment is :  400
3.461875837483343
3.7507365728027713
4.017350871245155
4.266271125425008
Current segment is :  404
4.500667855168802
4.7228571017828465
4.934593340768885
5.1372442850195785
5.331901175858125
Current segment is :  409
5.519451538668264
5.700628960554149
5.8760482005923205
6.046230603095281
6.2116229054477685
6.3726114289337925
Current segment is :  415
6.529532969051501
6.682683279301831
6.832323769237556
6.978686856493826
7.121980289852206
7.262390675630001
7.400086380070089
Current segment is :  422
7.535219937793578
7.667930065468075
7.798343357120723
7.9265757206119885
8.052733602053737
8.176915035268536
8.299210545945462
8.419703934378479
Current segment is :  430
8.538472956162831
8.65558991667018
8.771122192300991
8.885132689256302
8.997680248755236
9.108820006154188
9.218603710226105
9.32708000787742
9.434294698772687
Current segment is :  439
9.540290963668895
9.645109569705983
9.748789055436333
9.851365897987087
9.95287466442163
10.053348149089802
10.152817498521467
10.251312325218157
10.348860811526588
10.445489804631434
Current segment is :  449
10.54122490357879
10.636090539133203
10.730110047177133
10.823305736280348
10.915698949995816
11.007310124376948
11.098158841157026
11.18826387698437
11.277643249065246
11.36631425752997
11.45429352480542
Current segment is :  460
11.541597032248669
11.6282401542712
11.714237690160815
11.799603893788383
11.884352501368882
11.968496757430357
12.052049439130268
12.135022879046074
12.217428986555499
12.299279267911784
12.38058484511003
12.461356473632488
Current segment is :  472
12.541604559153189
12.621339173275604
12.700570068370904
12.779306691578896
12.857558198028691
12.935333463331657
13.01264109539501
13.08948944560071
13.165886619390868
13.241840486297725
13.317358689453455
13.392448654612382
13.467117598715864
Current segment is :  485
13.541372538027849
13.615220295867147
13.688667509960593
13.761720639439584
13.834385971500904
13.906669627751352
13.978577570254313
4.193573271076294
4.432033394545973
4.657663463405696
4.872363389206861
5.077602596572875
5.274545933705038
5.464135713103843
Current segment is :  499
5.64714727293788
5.824227832673266
5.9959244126714095
6.162704367049531
6.324970791080311
6.48307428800242
Current segment is :  505
6.637322096306978
6.787985268214275
6.935304385814993
7.079494163850595
7.2207471936371315
7.359237016529864
7.495120668293472
Current segment is :  512
7.628540801771814
7.759627470373985
7.888499636443551
8.01526645473434
8.140028370716475
8.262878065392906
8.383901272087467
8.503177485814994
Current segment is :  520
8.620780582030285
8.73677935853139
8.851238011882124
8.964216557782436
9.075771203250236
9.185954677205801
9.29481652500932
9.402403371646834
9.508759157553182
Current segment is :  529
9.613925350473913
9.717941136278897
9.820843591230679
2.9462530773692035
3.2856672328201433
3.5900194173661366
3.8685694427957102
4.1270629285110205
4.3693659942316065
4.598232150401675
Current segment is :  539
4.81570703363754
5.0233608616247984
1.5070082584874396
2.1705746287233163
2.63128212376493
Current segment is :  544
3.011324989928276
3.3434047233826907
3.642501028716689
Current segment is :  547
3.9170376704681162
4.172332636748206
1.2516997910244618
2.050613402076153
Current segment is :  551
2.5382723625547814
2.9322411165593736
3.273277191100671
Current segment is :  554
3.5787814125942807
3.858206134227417
4.1173939446268335
4.36026601697371
Current segment is :  558
4.589609822169812
4.807493267331003
5.01550187896972
5.214883720334999
5.406642550182074
Current segment is :  563
5.5916002185905995
5.770439899702862
5.94373691299495
6.111981237169809
6.275594304879921
6.434941762892367
Current segment is :  569
6.590343324685294
6.742080487793977
6.890402656568204
7.0355320560883845
7.177667717190891
7.316988738921244
7.4536569826047
Current segment is :  576
7.58781931424054
7.719609484589383
7.849149716125226
7.9765520509215175
8.101919502123001
8.22534704293453
8.346922460333968
8.466727095485687
Current segment is :  584
8.584836488728465
8.70132094376881
8.81624602312887
8.929672984828507
9.041659168611384
9.152258338669856
9.261520988717095
9.369494614347081
9.476223956874131
Current segment is :  593
9.581751222222751
9.686116277921622
9.789356830823035
9.89150858780582
9.992605401413483
10.0926794021199
10.191761118694584
10.289879587951651
10.387062455005887
10.4833360650214
Current segment is :  603
10.578725547319557
10.673254892610435
10.766947024023164
10.859823862533542
10.951906387320156
11.043214691521676
11.133768033816809
11.223584886203412
11.312682978313825
11.40107933856868
11.488790332440734
Current segment is :  614
11.575831698073138
11.662218579472464
11.747965557475446
11.833086678669378
11.917595482429146
12.001505026218776
12.084827909291805
12.167576294912681
12.249761931210529
12.331396170766821
12.412489989029723
12.493054001639909
Current segment is :  626
12.573098480745557
12.652633370377687
12.731668300951208
12.8102126029517
12.888275319863173
12.965865220387629
13.042990810003321
13.119660341904934
13.195881827365648
13.271663045557993
13.347011552867686
13.421934691732067
13.496439599032502
Current segment is :  639
13.570533214067959
13.644222286135028
13.717513381737902
13.790412891450158
13.862927036448673
13.93506187473865
14.006823307087421
14.07821708268349
14.149248804536255
14.219923934630751
14.290247798850913
14.360225591683898
14.429862380717289
14.499163110940213
Current segment is :  653
14.568132608858715
14.636775586435121
14.7050966448605
14.773100278168787
14.840790876700618
14.908172730424463
14.975250032122156
15.042026880445556
15.108507282850633
15.174695158414957
15.240594340544192
15.306208579572896
15.371541545264646
15.436596829216182
15.501377947170065
Current segment is :  668
15.565888341240068
15.630131382053268
15.694110370812647
15.757828541283766
15.821289061708907
15.884495036651886
15.947449508776597
16.010155460562157
16.072615815957413
16.13483344197739
16.19681115024417
16.258551698474548
16.320057791916675
16.381332084737824
16.442377181365327
16.503195637782525
Current segment is :  684
16.563789962781655
16.62416261917533
16.684316024968325
16.74425255449123
16.803974539497467
16.86348427022513
16.92278399642499
16.981875928356004
17.04076223774955
17.099445058743598
17.15792648878794
17.216208589521585
5.164862576856476
5.35847857052898
5.54509870660639
5.725438147418977
5.900097269437578
Current segment is :  701
6.069586000611551
6.234341883450882
6.394743738000199
6.551122170189371
6.703767774105974
6.852937619138883
Current segment is :  707
6.998860441667896
7.141740844604133
7.2817627274697845
7.419092112870876
7.553879494505506
7.6862618022623845
7.816364058173789
Current segment is :  714
7.944300780741653
8.070177182907111
8.19409019960246
8.316129373646275
8.436377623170745
8.554911909409126
8.671803820230576
8.787120082075324
Current segment is :  722
8.900923010754981
9.013270909820246
9.124218423769978
9.233816852211241
9.34211443012568
2.8026343290377036
3.1594414906567345
3.475953128222188
3.7636440041090733
Current segment is :  731
4.029343947809439
4.277523307266616
4.511303447821598
4.7329688736937765
Current segment is :  735
4.944252747872219
5.146507780329926
5.340814297036657
5.528051662798438
5.708947222572164
Current segment is :  740
5.884110866763193
6.054060077891856
6.219238484966439
6.380029874847574
6.536768952816844
6.689749730815595
Current segment is :  746
6.839232153961204
6.985447398229643
7.128602151675132
7.268882108211213
7.406454844309156
7.541472207004395
7.674072311142048
Current segment is :  753
7.804381221386234
7.9325143778317075
8.05857781148833
8.182669186342885
8.304878697350494
8.425289848005715
8.543980126683392
8.66102159742335
Current segment is :  761
8.776481418040527
8.890422296208905
9.002902892369836
9.113978176859188
9.22369974746148
9.332116112627228
9.43927294478954
9.545213307553603
9.649977859982059
Current segment is :  770
9.753605040739327
9.856131234472121
9.957590922478554
10.058016819443509
10.157439997784875
10.255890000956745
10.353394946886032
10.449981622573583
10.545675570765784
10.640501169494817
Current segment is :  780
10.734481705192412
10.827639440001004
10.919995673835837
11.011570801690144
11.102384366621909
11.192455108813684
11.28180101105568
11.370439340965953
11.458386690229508
11.545659011109784
11.632271650460881
Current segment is :  791
11.718239381446631
11.80357643315282
11.888296518261201
11.972412858938265
12.055938211077573
12.138884887021975
12.22126477688065
12.303089368545805
12.384369766504761
12.46511670953489
12.545340587361487
12.625051456351958
Current segment is :  803
12.704259054313619
12.78297281445695
12.861201878581147
12.938955109534266
13.016241102996222
13.093068198629062
13.1694444906356
13.245377837764332
13.320875872795758
13.395946011542582
13.470595461393929
13.5448312294315
13.618660130143612
Current segment is :  816
13.692088792761206
13.765123668238255
13.837771035897392
13.910037009760222
13.98192754458039
14.053448441596311
14.124605354019325
14.195403792272003
4.258621137681601
4.493438926742875
4.715985625675058
4.928030377159401
5.130951204237666
5.325846840581684
Current segment is :  830
5.513610407566043
5.694979769214765
5.870573018097874
6.040914141003115
6.206452001111477
6.367574652156054
Current segment is :  836
6.524620317833707
6.677885941163038
6.827633931591554
6.9740975542783215
7.117485281825457
7.257984342997175
7.395763642695561
Current segment is :  843
7.530976184403496
7.6637610950862545
7.794245329601494
7.92254511459827
8.048767179040336
8.173009808719584
8.29536375462249
8.415913019197268
Current segment is :  851
8.534735540024055
8.65190378680926
8.767485284782527
8.881543075302652
8.994136122650556
9.105319674507374
9.215145582410393
9.323662587492633
2.7970987762477897
Current segment is :  860
3.154612071270379
3.47160825888634
3.7596591924674208
Current segment is :  863
4.025640747924236
4.274048408373231
4.508018617517543
4.729845562977381
Current segment is :  867
4.941268956550196
5.143646120957406
5.338060739786951
5.52539468908928
5.706377235363242
Current segment is :  872
5.881619768191751
6.0516409595322855
6.216885395989614
6.377737645356327
6.534533057084827
6.68756617992071
Current segment is :  878
6.837097410430619
6.983358307412196
7.126555885995353
7.266876121463532
7.404486833863924
7.539540082311415
7.672174167293085
Current segment is :  885
7.802515316776247
7.93067911516699
8.05677172154764
8.180890914018432
8.303126989588936
8.423563543341983
8.542278146117242
8.659342936433692
Current segment is :  893
8.774825139568593
8.88878752447022
9.001288807378275
9.112384009565357
9.222124775423149
9.330559656142285
9.4377343634324
9.543691997064748
9.648473249467651
Current segment is :  902
9.752116590143874
9.854658432292343
9.956133283690859
10.056573883621166
10.156011327384062
10.254475179753316
10.351993578547086
10.448593329349903
10.544299992292848
10.639137961691569
Current segment is :  912
10.7331305392482
10.826300001442224
10.918667661664717
11.010253927588991
11.101078354216813
11.191159692992352
11.280515937334588
11.369164364902545
11.45712157687558
11.544403534502559
11.631025593148665
Current segment is :  923
11.717002534046213
11.802348593936042
11.887077492768414
3.5661232478305243
3.8465398039908747
4.106513715859011
4.350029278984512
4.579912789155608
4.798257558158157
5.006666545770705
5.20640023900912
5.39847152705714
Current segment is :  935
5.583709143850708
5.762801566868711
5.936328277513957
6.1047825733769185
6.268588571048485
6.428114114744
Current segment is :  941
6.583680736952266
6.73557145583043
6.884036958209501
7.029300559504881
7.171562224308475
7.311001856667856
2.1933005570003568
Current segment is :  948
2.6492344219730803
3.0267019619181585
3.357094584839728
Current segment is :  951
3.654971208428438
3.9285711748779626
4.183116645861078
4.422172853148396
Current segment is :  955
4.648306030934073
4.8634381658118295
5.069054021489738
5.266329488620411
5.456215063034397
Current segment is :  960
5.639492296143288
5.81681322283094
5.988728662039992
6.155709010697057
6.318159834519667
6.476433766517467
Current segment is :  966
6.630839730671676
6.781650192184475
6.929106927884653
7.073425670603966
7.214799885385899
7.353403868294084
7.489395310884601
Current segment is :  973
7.6229174389723875
7.754100809119816
7.883064827594256
8.00991904253101
8.1347642494164
8.257693441872313
8.37879263343703
8.498141571135921
Current segment is :  981
8.615814357783359
8.731879996906214
8.846402871745802
8.95944316784105
9.071057247116578
9.181297980115795
9.290215041969764
9.397855176830193
9.504262434782564
Current segment is :  990
9.6094783846642
9.713542305719052
9.816491360608248
9.918360751948295
10.019183864255798
10.118992392929233
10.217816461687182
10.315684729702134
10.412624489514752
10.50866175668087
Current segment is :  1000
10.603821351989403
10.698126976990562
10.791601283488399
10.88426593757732
10.976141678737553
11.067248374448047
11.157605070725758
11.247230038956952
11.336140819347884
11.42435426128866
11.511886560894292
Current segment is :  1011
11.598753295960721
11.684969458550217
11.770549485399862
11.85550728632839
11.939856270800204
12.023609372790684
12.106779074083791
12.189377426121174
12.271416070511416
12.352906258298548
12.433858868080414
12.514284423059742
Current segment is :  1023
12.59419310710382
12.67359477988236
12.752498991147451
12.830914994214316
12.908851758696889
12.986317982547998
13.063322103450002
13.139872309598244
13.215976549916435
13.291642543740124
13.366877790001766
13.441689575948368
13.516084985420504
Current segment is :  1036
13.590070906719362
13.663654040086648
13.736840904820356
13.809637846047876
13.88205104117639
13.954086506039172
14.025750100755115
14.097047535317717
14.167984374928613
14.238566045089796
14.308797836467752
14.37868490954187
14.448232299048707
4.334469689714612
Current segment is :  1050
4.565178420328862
4.78422790929231
4.993248051927598
5.193518495054083
5.386066187134572
Current segment is :  1055
5.571730448444367
5.7512079032948975
5.92508442050915
6.093858387094097
6.2579580324219
6.417754565862856
Current segment is :  1061
6.573572303942023
6.725696590975471
6.874380074756437
7.019847737167499
7.162300969408616
7.3019209049951215
7.438871169591375
Current segment is :  1068
7.573300167916793
7.705342999684687
7.835123075671041
7.962753489429967
8.088338188407203
8.211972979226568
8.333746395009797
8.453740447216472
Current segment is :  1076
8.572031280279518
8.688689743985845
8.80378189590578
8.917369444055407
9.029510138267266
9.140258117358842
9.249664218057555
9.35777625071359
9.464639246067186
Current segment is :  1085
9.570295676703518
9.674785656300935
9.778147119337454
9.880415983550224
9.981626297130632
10.081810372373708
10.18099890727615
10.27922109638623
10.376504732045314
10.472876297020536
Current segment is :  1095
10.56836104940747
10.662983100577463
10.756765486854137
10.849730235525296
10.941898425728375
11.033290244688112
11.123925039733175
11.213821366472894
11.302997033475206
11.391469143751655
11.479254133324181
Current segment is :  1106
11.566367807120896
11.652825372423665
11.73864147006866
11.823830203581803
11.90840516641382
11.992379467424367
12.075765754750945
12.158576238186049
12.240822710175042
12.322516565537294
12.403668820004269
12.484290127660213
Current segment is :  1118
12.564390797363842
12.64398080822293
12.723069824187716
12.80166720782377
12.879782033320003
12.957423098783146
13.034598937865988
13.111317830773
13.187587814683614
13.263416693630418
13.338812047866725
13.413781242755405
13.488331437208597
Current segment is :  1131
13.562469591705707
13.6362024759152
13.709536675943854
13.782478601235516
13.855034491139843
13.92721042117015
13.999012308968151
14.07044591999222
14.141516872944688
14.212230644952639
14.282592576515798
14.35260787623416
14.422281625327233
14.491618781956035
Current segment is :  1145
14.56062418535825
14.629302559806344
14.6976585183978
14.76569656668612
14.833421106160687
14.900836437583097
14.967946764187165
15.03475619474932
15.101268746535776
15.167488348132457
15.233418842163337
15.299063987902532
15.364427463785157
15.429512869821735
15.494323729920623
Current segment is :  1160
15.558863494122718
15.623135540752457
15.687143178488911
15.750889648360573
15.814378125667256
15.877611721832317
15.940593486188284
16.003326407698793
16.065813416619573
16.1280573861011
16.190061133735444
16.25182742304959
16.313358964947565
16.374658419103433
16.435728395307233
16.496571454765768
Current segment is :  1176
16.557190111360082
16.617586832861388
16.677764042107107
16.737724118138598
16.79746939730211
16.857002174314378
16.91632470329428
16.9754391987618
17.034347836605644
17.093052755020604
17.151556055415924
17.209859803295654
17.26796602911212
17.325876729093466
17.38359386604624
17.441119370133933
17.498455139632327
Current segment is :  1193
17.555603041662554
17.61256491290257
17.669342560277908
17.725937761632377
17.782352266379455
17.838587796135023
17.89464604533212
17.95052868181829
18.006237347436194
18.061773658587974
18.117139206783985
18.172335559176396
18.227364259078158
18.28222682646784
18.33692475848082
18.391459529887214
18.445832593557064
18.500045380913125
Current segment is :  1211
18.554099302371704
18.607995747771895
18.661736086793617
18.715321669364773
18.76875382605791
18.82203386847669
18.875163089632476
18.92814276431138
18.980974149432033
19.033658484394362
19.086196991419687
19.138590875882347
19.190841326633148
19.24294951631487
19.294916601670064
19.346743723841374
19.398432008664606
19.44998256695475
19.50139649478515
Current segment is :  1230
19.552674873760083
19.603818771280825
19.654829240805515
19.705707322102903
19.7564540415002
19.80707041212518
19.857557434142723
19.907916094985904
19.958147369581834
20.008252220572366
20.05823159852982
20.108086442167846
20.1578176785476
20.207426223279317
20.25691298071941
20.306278844163252
20.355524696033715
20.4046514080656
20.453659841486065
20.502550847191152
Current segment is :  1250
20.551325265918518
20.59998392841647
20.64852765560941
20.69695725875975
20.745273539626435
20.793477290620118
20.841569294955107
20.88955032679814
20.937421151414082
20.985182525308616
21.032835196368016
21.080379903996054
21.12781737924812
21.17514834496265
21.222373515889867
21.269493598817974
21.316509292696814
21.363421288759067
21.41023027063905
21.45693691448918
6.437081074346754
Current segment is :  1271
6.592430989696621
6.744120101279725
2.0232360303839174
2.51749373684155
2.914714188819556
3.257801001185538
3.5647565210702985
Current segment is :  1278
3.845280588868274
4.105339634466898
4.348924840330104
4.578866730961651
Current segment is :  1282
4.7972613815939
5.005713646429165
5.2054853614399414
5.39759040651558
5.582858262111454
Current segment is :  1287
5.761977980551484
5.935529494176722
6.1040064600449035
6.2678332853514815
6.427378052174985
6.582962489854298
Current segment is :  1293
6.734869781068733
6.883350751378052
7.02862883411992
7.170904094857203
7.310356524672458
7.447148758625071
7.581428337617209
Current segment is :  1300
7.713329604168558
7.8429753021119675
7.970477934911375
8.095940925734034
8.219459613576896
8.341122112939775
8.461010059244826
8.579199258051812
Current segment is :  1308
8.695760252839463
8.810758823513426
8.924256425709878
9.036310579277126
9.146975212948892
9.25630097110601
9.364335487606882
9.47112363091117
9.576707724094822
Current segment is :  1317
9.681127742832997
9.784421493991307
9.88662477709947
9.987771530672672
10.08789396508449
10.187022683473197
10.28518679197394
10.382414000407369
10.478730714416344
10.57416211992276
Current segment is :  1327
10.668732260673288
10.762464109553418
10.855379634271623
10.9474998579479
11.038844915082018
11.12943410332523
11.219285931434014
11.308418163744648
11.39684786147249
11.484591421108883
11.571664610161301
Current segment is :  1338
11.65808260045821
11.743859999218508
11.829010878066395
11.913548800155402
11.997486845550151
12.08083763500077
12.163613352232726
3.6490840056698177
3.9231253811071154
4.1780241933693425
4.417371778188749
4.643750731605713
Current segment is :  1350
4.859093900909337
5.064893587104506
5.262331101398203
5.452360953327189
5.635767739590995
Current segment is :  1355
5.813205853829637
5.985227974694532
6.1523059881349536
6.314846668317076
6.473203640785973
6.627686653447472
Current segment is :  1361
6.778568862020178
6.926092627044227
7.070474178641633
7.211907408540242
7.350566981292911
7.486610908590626
7.620182695906637
Current segment is :  1368
7.7514131453468025
7.880421879786445
8.007318639281648
8.132204390061476
8.255172278229919
8.376308453986923
8.495692787251778
8.61339949170095
Current segment is :  1376
8.729497671166968
8.844051799900278
8.957122146233084
9.068765147598267
9.179033743567459
9.287977672518672
9.395643736678021
9.502076039564972
9.607316199277037
Current segment is :  1385
9.711403540555057
9.814375268155912
9.91626662371113
10.017111027955854
10.11694020996344
10.21578432480907
10.313672060905015
10.410630738095325
10.506686397464811
10.60186388370265
Current segment is :  1395
10.696186920761937
10.78967818147083
10.88235935167638
10.974251189437274
11.06537357972505
11.155745585043721
11.245385492334247
11.334310856491987
11.422538540791578
11.510084754483819
11.596965087802863
Current segment is :  1406
11.683194544598567
11.768787572788133
11.853758092802634
11.938119524187604
12.02188481050208
12.10506644264735
12.187676480744862
12.269726574672108
12.35122798335584
12.432191592913332
12.512627933724715
12.592547196512411
Current segment is :  1418
12.671959247497375
12.750873642696167
12.82929964141766
12.907246219013496
12.98472207893216
13.061735664122597
13.138295167829808
13.214408543821587
13.290083516082646
13.365327588009649
13.440148051138223
13.514551993430757
13.588546307151708
Current segment is :  1431
13.662137696355252
13.735332684008377
13.808137618770843
13.880558681452069
13.952601891163523
14.024273111184021
14.095578054554135
14.166522289414862
14.237111244104694
14.307350212028338
14.377244356309456
14.446798714239051
14.516018201530335
14.584907616390298
Current segment is :  1445
14.65347164341754
14.721714857335328
14.789641726568346
14.857256616671032
14.924563793614986
14.991567426942469
15.058271592792586
15.124680276806403
15.190797376916843
15.256626706028923
15.322171994595552
15.3874368930938
15.452424974406343
15.517139736112437
15.581584602692631
Current segment is :  1460
15.645762927651134
15.709677995559563
15.773333024025623
15.836731165590049
15.89987550955497
15.962769083746734
16.02541485621601
16.0878157368779
16.149974579094604
16.211894181203107
16.273577287990186
16.335026592116943
16.396244735494964
16.4572343106161
16.517997861837763
16.578537886625533
Current segment is :  1476
16.63885683675483
16.69895711947323
16.75884109862507
16.81851109573973
16.877969391085106
16.937218224687577
16.99625979731976
17.055096271457305
17.113729772205907
17.172162388199652
17.23039617247176
17.288433143298796
17.346275285019292
17.40392454882774
17.46138285354484
17.51865208636491
17.575734103581194
Current segment is :  1493
17.632630731289975
17.689343766074142
17.745874975666997
17.802226099596993
17.858398849814037
17.91439491129804
17.97021594265028
18.025863576668222
18.081339420904296
18.136645058209233
18.191782047260432
18.2467519230759
18.301556197514213
18.356196359760954
18.41067387680213
18.46499019388491
18.519146734966156
18.57314490314914
Current segment is :  1511
18.626986081108743
18.680671631505657
18.734202897389775
18.787581202593213
18.84080785211327
18.8938841324856
18.946811312147965
18.999590641794786
19.052223354722834
19.10471066716829
19.157053778635483
19.209253872217474
19.261312114908844
19.313229657910806
19.365007636928954
19.41664717246381
19.46814937009442
19.51951532075515
19.570746101005966
Current segment is :  1530
19.62184277329628
19.672806386222632
19.723637974780345
19.774338560609323
19.824909152234166
19.875350745298782
19.925664322795598
19.975850855289572
20.025911301137125
20.075846606700132
20.12565770655513
20.175345523697835
20.224910969743128
20.274354945120624
20.32367833926593
20.372882030807727
20.421966887750784
20.470933767654984
20.519783517810495
20.56851697540921
Current segment is :  1550
20.617134967712474
20.66563831221529
20.71402781680702
20.762304279928724
20.81046849072717
20.85852122920567
20.90646326637175
20.95429536438177
21.0020182766826
21.049632748150337
21.097139515226257
21.14453930604995
21.191832840589804
21.239020830770844
21.28610398060001
21.33308298628895
21.37995853637436
21.426731311835955
21.473401986212107
21.51997122571324
21.56643968933298
Current segment is :  1571
21.61280802895719
21.659076889470835
21.70524690886285
21.75131871832896
21.79729294237255
21.843170198903614
21.88895109933583
21.93463624868181
21.980226245646545
22.02572168271913
22.071123146262757
22.116431216603043
22.161646468114746
22.206769469306863
22.251800782906177
22.296740965939282
22.34159056981312
22.38635014039406
22.43102021808554
22.475601337904322
22.520094029555402
22.56449881750556
Current segment is :  1593
22.60881622105561
22.653046754411385
22.697190926753468
22.741249242305692
22.78522220040246
22.829110295554866
22.872914017515715
22.91663385134337
22.960270277464538
23.003823771735966
23.047294805505086
23.090683845669624
23.13399135473621
23.17721779087799
23.220363607991274
23.263429255751237
23.30641517966668
23.349321821133895
23.39214961748963
23.434899002063176
23.477570404227613
23.520164249450197
23.56268095934194
Current segment is :  1616
23.605120951706372
23.64748464058752
23.68977243631712
7.106931730895136
7.247639428374882
7.385615387289856
7.521013718716771
7.6539745186035475
7.784625593750117
7.913083923307141
8.039456903764812
8.163843415437224
8.286334740798644
8.40701535910343
8.52596363709333
8.643252431951588
8.758949619772146
8.873118560502508
8.985818508461207
9.097104976027671
9.207030056878684
9.315642714144085
9.422989038030217
9.529112476778167
Current segment is :  1640
9.634054044257503
9.737852507023659
9.840544553270892
9.942164945779313
10.04274666067276
10.14232101356528
10.240917774470649
10.338565272675632
10.435290492628827
10.531119161769027
Current segment is :  1650
10.626075831106725
10.720183949276992
10.813465930699282
10.905943218407844
10.997636342053685
11.088564971524375
3.3265694914573127
3.627179474975774
3.9028757858142886
4.1590971094943
4.399533909519291
Current segment is :  1661
4.62683071426406
4.842961379455051
5.049446610628323
5.247488114403241
5.438055482675161
Current segment is :  1666
5.621944742942153
5.79981913440703
5.9722383041820954
6.139679713762109
6.302554659463022
6.461220478965045
Current segment is :  1672
6.615990000180978
6.767138958987241
6.91491189612664
7.059526898460963
7.20117945030803
7.340045591181276
7.476284526972282
Current segment is :  1679
7.610040806096263
7.741446146156847
7.8706209774635845
7.997675755334779
8.122712082211741
8.245823672266736
8.36709718474352
8.486612947249947
Current segment is :  1687
8.604445586279873
8.72066457912173
8.83533473882425
8.94851664189418
9.060267006789108
9.170639029959139
9.279682685121353
9.387444990572094
9.493970248616675
Current segment is :  1696
9.599300260594088
9.703474520472705
9.806530389573012
9.908503254620499
10.009426671033939
10.109332493102038
10.208250992486873
10.306210966309616
10.403239835917363
10.49936373729542
Current segment is :  1706
10.594607603973534
10.688995243174531
10.782549405867096
10.87529185130916
10.967243406602789
11.058424021724173
11.148852820442283
11.2385481474957
11.327527612358592
11.41580812989262
11.503405958151617
Current segment is :  1717
11.590336733579166
11.676615503815654
11.762256758310437
11.847274456916061
11.93168205662489
12.01549253659362
12.098718421587884
12.181371803967268
12.263464364320308
12.345007390849535
12.426011797597903
12.506488141600194
Current segment is :  1729
12.586446639035914
12.665897180453902
12.744849345133021
12.823312414638185
12.901295385626122
12.978806981951104
13.055855666116809
13.13244965011705
13.208596905704745
13.284305174125603
13.359581975350235
13.434434616835956
13.508870201847238
Current segment is :  1742
13.582895637361693
13.656517641586577
13.729742751108994
13.802577327701423
13.87502756480265
13.947099493692848
14.018798989380265
14.090131776215824
14.161103433250856
14.231719399352196
14.301984978087926
14.371905342396245
14.44148553904909
14.510730492921462
Current segment is :  1756
14.579645011076687
14.648233786677208
14.716501402729971
14.784452335674843
14.852090958824041
14.91942154566009
14.98644827299932
15.053175224027582
15.11960639121441
15.185745679111552
15.251596907041408
15.317163811680642
15.382450049543909
15.447459199372394
15.512194764431575
Current segment is :  1771
15.576660174722383
15.640858789109746
15.704793897372232
15.768468722176353
15.831886420978877
15.89505008786035
15.957962755292819
16.020627395844652
16.083046923825147
16.145224196871503
16.20716201748063
16.268863134488125
16.330330244496576
16.391565993255362
16.452572976993917
16.513353743710365
Current segment is :  1787
16.573910794417333
16.6342465843467
16.694363524114866
16.75426398085019
16.813950279284008
16.873424702806723
16.93268949449028
16.99174685807835
17.05059895894546
17.10924792502623
17.167695847715883
17.225944782743063
17.283996751016048
17.341853739443287
17.399517701729252
17.45699055914648
17.514274201284675
Current segment is :  1804
17.571370486777717
17.628281244009344
17.685008271798274
17.741553340063504
17.797918190470476
17.854104537058777
17.910114066852017
17.965948440450497
18.021609292607263
18.077098232788106
18.132416845716048
18.18756669190085
18.242549308154036
18.29736620808989
18.352018882612953
18.406508800392377
18.46083740832365
18.515006131978033
Current segment is :  1822
18.569016376040164
18.622869524734153
18.676566942238573
18.730109973090695
18.783499942580285
18.83673815713332
18.8898259046859
18.942764455048714
18.995555060262276
19.0481989549433
19.100697356622398
19.15305146607345
19.20526246763481
19.257331529522677
19.309259804136786
19.361048428358714
19.41269852384297
19.464211197301108
19.515587540779062
Current segment is :  1841
19.56682863192789
19.617935534268124
19.668909297447904
19.7197509574951
19.770461537063547
19.82104204567359
19.871493479947112
19.921816823837148
19.9720130488523
20.02208311427605
20.072027967381118
20.121848543639036
20.17154576692502
20.2211205497183
20.270573793298016
20.31990638793481
20.369119213078225
20.41821313754001
20.46718901967347
20.516047707548918
Current segment is :  1861
20.564790039125388
20.613416842418662
20.661928935665724
20.710327127485744
20.758612217037655
20.806784994174425
20.854846239594128
20.90279672498785
20.95063721318456
20.998368458292976
21.04599120584054
6.313797361752162
6.472180651982193
6.626688082131526
6.777593027046081
6.92513803247935
7.069539486329069
7.210991415685116
7.349668601990571
7.485729158480037
7.619316679325241
Current segment is :  1882
7.750562044505227
7.879584945587472
8.006495183487756
8.131393778576198
8.254373925305128
8.375521817204516
8.494917363156754
8.612634811985284
Current segment is :  1890
8.728743299321634
8.843307328266983
8.956387193398841
9.068039356085269
9.178316777778297
9.287269216903205
9.394943494093313
9.501383729804013
9.606631557745452
Current segment is :  1899
9.710726317078002
9.81370522589982
9.915603538207067
10.016454686213013
10.116290409662792
10.215140873568497
10.31303477560831
10.409999444278402
10.506060928753277
10.601244081295556
Current segment is :  1909
10.695572632957182
10.78906926322816
10.881755664214412
3.2645266992643234
3.5708498180874457
3.8508951997035235
4.110575078833183
4.353850041781642
4.583531815476996
4.801704185661784
5.009963578855157
Current segment is :  1920
5.209565828304745
5.401520404359197
5.5866534641534304
5.765651500530032
5.939092437761162
6.107468331970508
Current segment is :  1926
6.271202295970835
6.430661352273721
6.586166353271235
6.737999748658115
6.88641174588313
7.03162525284455
7.173839885172327
Current segment is :  1933
7.3132352460956875
7.449973634284946
7.584202297242621
7.7160553202511935
7.84565522052348
7.97311430098168
8.09853580658795
8.222014917365794
Current segment is :  1941
8.343639605480613
8.463491378481827
8.581645926679569
8.698173689365639
8.813140351990759
8.926607284328233
9.038631927974832
9.14926814017692
9.258566499857595
Current segment is :  1950
9.366574580807857
9.473337196252034
9.578896618373696
9.683292775868688
9.78656343215743
9.888744346523563
9.98986942013835
10.089970828669689
10.189079142953274
10.287223439014769
Current segment is :  1960
10.384431398570449
10.480729400995276
10.576142607628112
10.670695039180874
10.764409646929309
10.857308378285678
10.94941223728631
11.040741340468184
11.131314968557328
11.221151614346681
11.310269027101487
Current segment is :  1971
11.398684253795372
11.486413677449425
11.573473052819411
11.65987753965203
11.745641733709752
11.830779695744642
11.915304978584595
11.999230652480254
12.082569328847251
12.165333182526327
12.247533972672901
12.329183062377917
Current segment is :  1983
12.410291437112935
12.490869722084511
12.5709281985757
12.650476819346066
12.729525223155694
12.808082748473366
12.88615844642427
12.963761093028191
13.040899200775163
13.117581029581919
13.19381459716918
13.269607688896764
13.344967867090784
Current segment is :  1996
13.419902479894613
4.025970743968384
4.274358043229855
4.508311303552512
