1.0
Current segment is :  0
2.5
Current segment is :  1
4.0
5.5
7.0
Current segment is :  4
8.5
10.0
11.5
13.0
14.5
16.0
17.5
Current segment is :  11
19.0
20.5
22.0
23.5
25.0
26.5
28.0
29.5
31.0
32.5
34.0
35.5
37.0
38.5
40.0
41.5
43.0
44.5
Current segment is :  29
46.0
47.5
49.0
50.5
52.0
53.5
55.0
56.5
58.0
59.5
61.0
62.5
64.0
65.5
67.0
68.5
70.0
71.5
73.0
74.5
76.0
77.5
79.0
80.5
82.0
83.5
85.0
86.5
88.0
89.5
91.0
92.5
94.0
95.5
97.0
98.5
100.0
101.5
103.0
104.5
106.0
107.5
109.0
110.5
112.0
Current segment is :  74
113.5
115.0
116.5
118.0
119.5
121.0
122.5
124.0
125.5
127.0
128.5
130.0
131.5
133.0
134.5
136.0
137.5
139.0
140.5
142.0
143.5
145.0
146.5
148.0
149.5
151.0
152.5
154.0
155.5
157.0
158.5
160.0
161.5
163.0
164.5
166.0
167.5
169.0
170.5
172.0
173.5
175.0
176.5
178.0
179.5
181.0
182.5
184.0
185.5
187.0
188.5
190.0
191.5
193.0
194.5
196.0
197.5
199.0
200.5
202.0
203.5
205.0
206.5
208.0
209.5
211.0
212.5
214.0
215.5
217.0
218.5
220.0
221.5
223.0
224.5
226.0
227.5
229.0
230.5
232.0
233.5
235.0
236.5
238.0
239.5
241.0
242.5
244.0
245.5
247.0
248.5
250.0
251.5
253.0
254.5
256.0
257.5
259.0
260.5
262.0
263.5
265.0
266.5
268.0
269.5
271.0
272.5
274.0
275.5
277.0
278.5
280.0
Current segment is :  186
281.5
283.0
284.5
286.0
287.5
289.0
290.5
292.0
293.5
295.0
296.5
298.0
299.5
301.0
302.5
304.0
305.5
307.0
308.5
310.0
311.5
313.0
314.5
316.0
317.5
319.0
320.5
322.0
323.5
325.0
326.5
328.0
329.5
331.0
332.5
334.0
335.5
337.0
338.5
340.0
341.5
343.0
344.5
346.0
347.5
349.0
350.5
352.0
353.5
355.0
356.5
358.0
359.5
361.0
362.5
364.0
365.5
367.0
368.5
370.0
371.5
373.0
374.5
376.0
377.5
379.0
380.5
382.0
383.5
385.0
386.5
388.0
389.5
391.0
392.5
394.0
395.5
397.0
398.5
400.0
401.5
403.0
404.5
406.0
407.5
409.0
410.5
412.0
413.5
415.0
416.5
418.0
419.5
421.0
422.5
424.0
425.5
427.0
428.5
430.0
431.5
433.0
434.5
436.0
437.5
439.0
440.5
442.0
443.5
445.0
446.5
448.0
449.5
451.0
452.5
454.0
455.5
457.0
458.5
460.0
461.5
463.0
464.5
466.0
467.5
469.0
470.5
472.0
473.5
475.0
476.5
478.0
479.5
481.0
482.5
484.0
485.5
487.0
488.5
490.0
491.5
493.0
494.5
496.0
497.5
499.0
500.5
502.0
503.5
505.0
506.5
508.0
509.5
511.0
512.5
512.5009756097561
512.501951217655
512.5029268236967
512.5039024278813
512.5048780302086
512.5058536306789
512.506829229292
512.507804826048
512.5087804209468
512.5097560139885
512.5107316051732
512.5117071945007
512.5126827819711
512.5136583675844
512.5146339513408
512.5156095332401
512.5165851132823
512.5175606914676
512.5185362677958
512.519511842267
512.5204874148811
512.5214629856383
512.5224385545386
512.5234141215818
512.5243896867681
512.5253652500975
512.52634081157
512.5273163711855
512.5282919289442
512.529267484846
512.5302430388908
512.5312185910788
512.5321941414098
512.5331696898841
512.5341452365014
512.535120781262
512.5360963241658
512.5370718652127
512.5380474044028
512.5390229417362
512.5399984772127
512.5409740108325
512.5419495425956
512.5429250725019
512.5439006005515
512.5448761267444
512.5458516510805
512.5468271735599
512.5478026941826
512.5487782129486
512.5497537298579
512.5507292449106
512.5517047581066
512.5526802694459
512.5536557789286
512.5546312865547
512.5556067923242
512.556582296237
512.5575577982934
512.5585332984931
512.5595087968362
512.5604842933228
512.5614597879529
512.5624352807264
512.5634107716434
512.5643862607038
512.5653617479078
512.5663372332552
512.5673127167462
512.5682881983807
512.5692636781588
512.5702391560803
512.5712146321455
512.5721901063542
512.5731655787065
512.5741410492024
512.5751165178418
512.5760919846249
512.5770674495516
512.5780429126219
512.5790183738359
512.5799938331935
512.5809692906948
512.5819447463398
512.5829202001285
512.5838956520608
512.584871102137
512.5858465503567
512.5868219967202
512.5877974412275
512.5887728838785
512.5897483246732
512.5907237636118
512.591699200694
512.5926746359202
512.5936500692901
512.5946255008038
512.5956009304613
512.5965763582626
512.5975517842078
512.5985272082968
512.5995026305297
512.6004780509065
512.6014534694272
512.6024288860917
512.6034043009003
512.6043797138526
512.6053551249489
512.6063305341892
512.6073059415734
512.6082813471015
512.6092567507736
512.6102321525898
512.6112075525499
512.6121829506541
512.6131583469022
512.6141337412944
512.6151091338306
512.6160845245108
512.6170599133351
512.6180353003034
512.6190106854158
512.6199860686723
512.620961450073
512.6219368296177
Current segment is :  466
512.6229122073065
512.6238875831395
512.6248629571166
512.6258383292379
512.6268136995034
512.627789067913
512.6287644344668
512.6297397991648
512.6307151620069
512.6316905229934
512.632665882124
512.6336412393989
512.634616594818
512.6355919483814
512.636567300089
512.637542649941
512.6385179979372
512.6394933440778
512.6404686883626
512.6414440307917
512.6424193713651
512.6433947100829
512.644370046945
512.6453453819515
512.6463207151024
512.6472960463977
512.6482713758375
512.6492467034216
512.6502220291501
512.651197353023
512.6521726750403
512.6531479952022
512.6541233135084
512.6550986299592
512.6560739445544
512.657049257294
512.6580245681782
512.658999877207
512.6599751843802
512.6609504896979
512.6619257931602
512.6629010947671
512.6638763945185
512.6648516924146
512.6658269884551
512.6668022826403
512.6677775749702
512.6687528654445
512.6697281540635
512.6707034408272
512.6716787257355
512.6726540087885
512.6736292899861
512.6746045693285
512.6755798468155
512.6765551224472
512.6775303962237
512.6785056681448
512.6794809382106
512.6804562064212
512.6814314727766
512.6824067372768
512.6833819999217
512.6843572607114
512.685332519646
512.6863077767252
512.6872830319494
512.6882582853184
512.6892335368321
512.6902087864908
512.6911840342942
512.6921592802425
512.6931345243358
512.694109766574
512.695085006957
512.696060245485
512.6970354821578
512.6980107169757
512.6989859499384
512.6999611810462
512.7009364102989
512.7019116376966
512.7028868632393
512.703862086927
512.7048373087596
512.7058125287373
512.70678774686
512.7077629631277
512.7087381775406
512.7097133900984
512.7106886008013
512.7116638096493
512.7126390166424
512.7136142217806
512.714589425064
512.7155646264924
512.7165398260661
512.7175150237848
512.7184902196487
512.7194654136578
512.720440605812
512.7214157961114
512.722390984556
512.7233661711458
512.7243413558808
512.7253165387611
512.7262917197867
512.7272668989575
512.7282420762735
512.7292172517349
512.7301924253416
512.7311675970934
512.7321427669906
512.7331179350331
512.7340931012209
512.7350682655541
512.7360434280326
512.7370185886565
512.7379937474258
512.7389689043404
512.7399440594004
512.7409192126058
512.7418943639567
512.742869513453
512.7438446610947
512.7448198068819
512.7457949508145
512.7467700928925
512.747745233116
512.748720371485
512.7496955079995
512.7506706426595
512.751645775465
512.752620906416
512.7535960355126
512.7545711627547
512.7555462881425
512.7565214116757
512.7574965333546
512.7584716531791
512.7594467711491
512.7604218872648
512.761397001526
512.7623721139329
512.7633472244854
512.7643223331836
512.7652974400274
512.7662725450169
512.7672476481522
512.7682227494331
512.7691978488598
512.7701729464321
512.7711480421502
512.7721231360141
512.7730982280236
512.7740733181789
512.77504840648
512.7760234929268
512.7769985775195
512.777973660258
512.7789487411422
512.7799238201724
512.7808988973483
512.78187397267
512.7828490461377
512.7838241177512
512.7847991875107
512.785774255416
512.7867493214671
512.7877243856642
512.7886994480072
512.7896745084961
512.7906495671309
512.7916246239117
512.7925996788385
512.7935747319112
512.7945497831299
512.7955248324946
512.7964998800053
512.7974749256621
512.7984499694649
512.7994250114136
512.8004000515085
512.8013750897494
512.8023501261364
512.8033251606695
512.8043001933486
512.8052752241738
512.8062502531451
512.8072252802625
512.8082003055262
512.8091753289359
512.8101503504918
512.8111253701938
512.812100388042
512.8130754040365
512.8140504181771
512.8150254304638
512.8160004408968
512.816975449476
512.8179504562015
512.8189254610733
512.8199004640912
512.8208754652554
512.821850464566
512.8228254620228
512.8238004576259
512.8247754513753
512.8257504432711
512.8267254333132
512.8277004215016
512.8286754078364
512.8296503923175
512.830625374945
512.8316003557189
512.8325753346392
512.8335503117058
512.834525286919
512.8355002602785
512.8364752317844
512.8374502014368
512.8384251692357
512.8394001351811
512.8403750992729
512.8413500615112
512.842325021896
512.8432999804273
512.8442749371052
512.8452498919296
512.8462248449005
512.8471997960179
512.8481747452819
512.8491496926924
512.8501246382497
512.8510995819535
512.8520745238038
512.8530494638009
512.8540244019445
512.8549993382347
512.8559742726717
512.8569492052553
512.8579241359855
512.8588990648624
512.859873991886
512.8608489170564
512.8618238403734
512.8627987618371
512.8637736814476
512.8647485992049
512.8657235151088
512.8666984291596
512.8676733413571
512.8686482517014
512.8696231601925
512.8705980668304
512.8715729716151
512.8725478745467
512.8735227756251
512.8744976748503
512.8754725722224
512.8764474677414
512.8774223614073
512.87839725322
512.8793721431796
512.8803470312862
512.8813219175397
512.8822968019401
512.8832716844875
512.8842465651818
512.885221444023
512.8861963210113
512.8871711961466
512.8881460694288
512.889120940858
512.8900958104342
512.8910706781575
512.8920455440278
512.8930204080452
512.8939952702096
512.8949701305212
512.8959449889797
512.8969198455854
512.8978947003383
512.8988695532381
512.8998444042851
512.9008192534792
512.9017941008206
512.902768946309
512.9037437899447
512.9047186317274
512.9056934716574
512.9066683097345
512.9076431459589
512.9086179803305
512.9095928128494
512.9105676435155
512.9115424723288
512.9125172992894
512.9134921243973
512.9144669476524
512.9154417690548
512.9164165886045
512.9173914063016
512.918366222146
512.9193410361377
512.9203158482767
512.9212906585631
512.9222654669968
512.923240273578
512.9242150783066
512.9251898811825
512.9261646822059
512.9271394813767
512.9281142786949
512.9290890741605
512.9300638677736
512.9310386595341
512.9320134494421
512.9329882374976
512.9339630237006
512.9349378080511
512.9359125905492
512.9368873711946
512.9378621499877
512.9388369269284
512.9398117020165
512.9407864752523
512.9417612466356
512.9427360161665
512.943710783845
512.9446855496711
512.9456603136449
512.9466350757663
512.9476098360353
512.948584594452
512.9495593510163
512.9505341057284
512.9515088585881
512.9524836095954
512.9534583587505
512.9544331060533
512.9554078515039
512.9563825951021
512.9573573368482
512.958332076742
512.9593068147835
512.9602815509728
512.9612562853099
512.9622310177948
512.9632057484275
512.9641804772081
512.9651552041364
512.9661299292126
512.9671046524367
512.9680793738086
512.9690540933284
512.970028810996
512.9710035268116
512.9719782407751
512.9729529528865
512.9739276631459
512.9749023715532
512.9758770781084
512.9768517828115
512.9778264856627
512.9788011866618
512.979775885809
512.980750583104
512.9817252785472
512.9826999721383
512.9836746638775
512.9846493537648
512.9856240418001
512.9865987279834
512.9875734123148
512.9885480947943
512.9895227754218
512.9904974541976
512.9914721311213
512.9924468061932
512.9934214794133
512.9943961507815
512.9953708202979
512.9963454879625
512.9973201537751
512.9982948177361
512.9992694798452
513.0002441401026
513.0012187985081
513.002193455062
513.003168109764
513.0041427626143
513.0051174136128
513.0060920627595
513.0070667100547
513.0080413554981
513.0090159990898
513.0099906408299
513.0109652807182
513.0119399187549
513.0129145549399
513.0138891892733
513.0148638217551
513.0158384523852
513.0168130811637
513.0177877080906
513.018762333166
513.0197369563898
513.020711577762
513.0216861972826
513.0226608149518
513.0236354307693
513.0246100447354
513.0255846568499
513.0265592671129
513.0275338755245
513.0285084820845
513.0294830867931
513.0304576896502
513.0314322906559
513.0324068898101
513.0333814871129
513.0343560825643
513.0353306761642
513.0363052679128
513.03727985781
513.0382544458557
513.0392290320501
513.0402036163932
513.041178198885
513.0421527795254
513.0431273583145
513.0441019352522
513.0450765103387
513.0460510835738
513.0470256549577
513.0480002244902
513.0489747921716
513.0499493580018
513.0509239219806
513.0518984841083
513.0528730443847
513.0538476028099
513.0548221593839
513.0557967141067
513.0567712669783
513.0577458179988
513.0587203671681
513.0596949144863
513.0606694599533
513.0616440035692
513.062618545334
513.0635930852477
513.0645676233103
513.0655421595218
513.0665166938822
513.0674912263917
513.06846575705
513.0694402858574
513.0704148128136
513.0713893379188
513.0723638611731
513.0733383825764
513.0743129021287
513.0752874198299
513.0762619356802
513.0772364496796
513.0782109618281
513.0791854721256
513.0801599805721
513.0811344871678
513.0821089919125
513.0830834948064
513.0840579958493
513.0850324950414
513.0860069923827
513.0869814878731
513.0879559815127
513.0889304733014
513.0899049632393
513.0908794513264
513.0918539375626
513.0928284219482
513.0938029044829
513.0947773851669
513.0957518640001
513.0967263409826
513.0977008161144
513.0986752893955
513.0996497608259
513.1006242304055
513.1015986981345
513.1025731640127
513.1035476280402
513.1045220902172
513.1054965505434
513.1064710090191
513.1074454656441
513.1084199204184
513.1093943733422
513.1103688244153
513.1113432736379
513.1123177210098
513.1132921665313
513.1142666102022
513.1152410520225
513.1162154919923
513.1171899301116
513.1181643663804
513.1191388007986
513.1201132333664
513.1210876640837
513.1220620929505
Current segment is :  979
513.1230365199668
513.1240109451328
513.1249853684483
513.1259597899133
513.1269342095279
513.1279086272922
513.128883043206
513.1298574572694
513.1308318694824
513.1318062798451
513.1327806883575
513.1337550950195
513.1347294998312
513.1357039027926
513.1366783039036
513.1376527031643
513.1386271005748
513.139601496135
513.140575889845
513.1415502817047
513.1425246717141
513.1434990598733
513.1444734461822
513.1454478306409
513.1464222132495
513.1473965940078
513.1483709729159
513.1493453499738
513.1503197251816
513.1512940985392
513.1522684700467
513.153242839704
513.1542172075112
513.1551915734684
513.1561659375755
513.1571402998323
513.1581146602392
513.159089018796
513.1600633755027
513.1610377303593
513.162012083366
513.1629864345226
513.1639607838292
513.1649351312858
513.1659094768924
513.166883820649
513.1678581625556
513.1688325026123
513.169806840819
513.1707811771757
513.1717555116826
513.1727298443395
513.1737041751466
513.1746785041037
513.1756528312109
513.1766271564682
513.1776014798756
513.1785758014332
513.179550121141
513.1805244389989
513.1814987550069
513.1824730691652
513.1834473814737
513.1844216919324
513.1853960005412
513.1863703073003
513.1873446122097
513.1883189152693
513.1892932164791
513.1902675158392
513.1912418133496
513.1922161090104
513.1931904028213
513.1941646947826
513.1951389848941
513.1961132731561
513.1970875595684
513.1980618441311
513.199036126844
513.2000104077074
513.2009846867212
513.2019589638853
513.2029332391999
513.2039075126648
513.2048817842802
513.2058560540461
513.2068303219623
513.207804588029
513.2087788522463
513.2097531146139
513.2107273751321
513.2117016338008
513.21267589062
513.2136501455897
513.2146243987099
513.2155986499807
513.2165728994021
513.217547146974
513.2185213926964
513.2194956365695
513.2204698785931
513.2214441187674
513.2224183570922
513.2233925935677
513.2243668281939
513.2253410609707
513.2263152918981
513.2272895209762
513.228263748205
513.2292379735844
513.2302121971146
513.2311864187955
513.2321606386271
513.2331348566094
513.2341090727424
513.2350832870262
513.2360574994608
513.2370317100462
513.2380059187823
513.2389801256692
513.239954330707
513.2409285338955
513.2419027352349
513.2428769347251
513.2438511323662
513.2448253281582
513.2457995221009
513.2467737141945
513.247747904439
513.2487220928346
513.2496962793809
513.2506704640782
513.2516446469265
513.2526188279256
513.2535930070758
513.2545671843768
513.2555413598288
513.2565155334319
513.2574897051859
513.2584638750909
513.2594380431469
513.260412209354
513.2613863737121
513.2623605362212
513.2633346968814
513.2643088556927
513.265283012655
513.2662571677685
513.267231321033
513.2682054724487
513.2691796220155
513.2701537697334
513.2711279156024
513.2721020596226
513.273076201794
513.2740503421165
513.2750244805902
513.2759986172151
513.2769727519913
513.2779468849186
513.2789210159972
513.279895145227
513.280869272608
513.2818433981403
513.2828175218239
513.2837916436587
513.2847657636448
513.2857398817823
513.286713998071
513.2876881125111
513.2886622251025
513.2896363358452
513.2906104447393
513.2915845517847
513.2925586569816
513.2935327603298
513.2945068618294
513.2954809614804
513.2964550592828
513.2974291552367
513.2984032493421
513.2993773415988
513.300351432007
513.3013255205667
513.3022996072779
513.3032736921405
513.3042477751546
513.3052218563203
513.3061959356374
513.3071700131061
513.3081440887263
513.3091181624981
513.3100922344214
513.3110663044963
513.3120403727228
513.3130144391009
513.3139885036306
513.3149625663119
513.3159366271449
513.3169106861294
513.3178847432656
513.3188587985535
513.319832851993
513.3208069035843
513.3217809533272
513.3227550012218
513.3237290472681
513.3247030914662
513.3256771338159
513.3266511743175
513.3276252129707
513.3285992497757
513.3295732847325
513.3305473178411
513.3315213491015
513.3324953785137
513.3334694060777
513.3344434317936
513.3354174556613
513.3363914776808
513.3373654978521
513.3383395161754
513.3393135326505
513.3402875472775
513.3412615600564
513.3422355709872
513.3432095800699
513.3441835873045
513.3451575926912
513.3461315962297
513.3471055979203
513.3480795977628
513.3490535957573
513.3500275919038
513.3510015862023
513.3519755786527
513.3529495692553
513.3539235580099
513.3548975449165
513.3558715299752
513.3568455131859
513.3578194945487
513.3587934740636
513.3597674517306
513.3607414275497
513.3617154015209
513.3626893736442
513.3636633439197
513.3646373123473
513.3656112789272
513.3665852436592
513.3675592065433
513.3685331675797
513.3695071267682
513.370481084109
513.371455039602
513.3724289932472
513.3734029450447
513.3743768949945
513.3753508430965
513.3763247893507
513.3772987337574
513.3782726763162
513.3792466170274
513.3802205558909
513.3811944929067
513.3821684280749
513.3831423613955
513.3841162928684
513.3850902224937
513.3860641502713
513.3870380762013
513.3880120002838
513.3889859225186
513.3899598429059
513.3909337614456
513.3919076781377
513.3928815929823
513.3938555059794
513.394829417129
513.3958033264311
513.3967772338856
513.3977511394927
513.3987250432523
513.3996989451645
513.4006728452291
513.4016467434463
513.4026206398162
513.4035945343385
513.4045684270134
513.4055423178409
513.406516206821
513.4074900939538
513.4084639792392
513.4094378626771
513.4104117442678
513.4113856240111
513.4123595019071
513.4133333779557
513.4143072521571
513.4152811245111
513.4162549950179
513.4172288636773
513.4182027304895
513.4191765954545
513.4201504585722
513.4211243198426
513.4220981792658
513.4230720368419
513.4240458925707
513.4250197464523
513.4259935984868
513.4269674486741
513.4279412970142
513.4289151435071
513.4298889881528
513.4308628309515
513.4318366719029
513.4328105110073
513.4337843482647
513.434758183675
513.435732017238
513.436705848954
513.4376796788231
513.4386535068451
513.43962733302
513.4406011573478
513.4415749798287
513.4425488004625
513.4435226192494
513.4444964361893
513.4454702512822
513.4464440645282
513.4474178759273
513.4483916854794
513.4493654931845
513.4503392990426
513.451313103054
513.4522869052183
513.4532607055359
513.4542345040064
513.4552083006301
513.456182095407
513.4571558883371
513.4581296794203
513.4591034686566
513.4600772560461
513.4610510415889
513.4620248252849
513.462998607134
513.4639723871363
513.464946165292
513.4659199416008
513.4668937160628
513.4678674886782
513.4688412594468
513.4698150283687
513.4707887954439
513.4717625606725
513.4727363240543
513.4737100855895
513.474683845278
513.4756576031199
513.4766313591151
513.4776051132637
513.4785788655657
513.4795526160211
513.4805263646299
513.481500111392
513.4824738563077
513.4834475993767
513.4844213405993
513.4853950799752
513.4863688175046
513.4873425531875
513.488316287024
513.4892900190139
513.4902637491573
513.4912374774542
513.4922112039046
513.4931849285086
513.4941586512662
513.4951323721773
513.4961060912419
513.4970798084602
513.498053523832
513.4990272373575
513.5000009490366
513.5009746588693
513.5019483668556
513.5029220729955
513.5038957772891
513.5048694797364
513.5058431803374
513.506816879092
513.5077905760003
513.5087642710623
513.5097379642781
513.5107116556476
513.5116853451708
513.5126590328478
513.5136327186784
513.5146064026629
513.5155800848012
513.5165537650932
513.5175274435392
513.5185011201388
513.5194747948923
513.5204484677996
513.5214221388608
513.5223958080758
513.5233694754447
513.5243431409675
513.5253168046441
513.5262904664747
513.5272641264592
513.5282377845975
513.5292114408899
513.5301850953362
513.5311587479364
513.5321323986906
513.5331060475987
513.5340796946608
513.5350533398769
513.536026983247
513.537000624771
513.5379742644492
513.5389479022814
513.5399215382677
513.5408951724079
513.5418688047022
513.5428424351505
513.5438160637531
513.5447896905097
513.5457633154203
513.5467369384852
513.5477105597041
513.5486841790772
513.5496577966045
513.5506314122858
513.5516050261214
513.5525786381111
513.553552248255
513.554525856553
513.5554994630054
513.5564730676119
513.5574466703728
513.5584202712878
513.5593938703571
513.5603674675807
513.5613410629585
513.5623146564906
513.563288248177
513.5642618380176
513.5652354260127
513.5662090121621
513.5671825964657
513.5681561789238
513.5691297595362
513.5701033383029
513.5710769152241
513.5720504902997
513.5730240635296
513.5739976349139
513.5749712044527
513.5759447721459
513.5769183379936
513.5778919019956
513.5788654641522
513.5798390244632
513.5808125829287
513.5817861395487
513.5827596943233
513.5837332472523
513.5847067983359
513.585680347574
513.5866538949666
513.5876274405139
513.5886009842156
513.5895745260719
513.5905480660829
513.5915216042484
513.5924951405685
513.5934686750433
513.5944422076726
513.5954157384566
513.5963892673954
513.5973627944887
513.5983363197367
513.5993098431395
513.6002833646969
513.601256884409
513.6022304022758
513.6032039182974
513.6041774324736
513.6051509448047
513.6061244552905
513.607097963931
513.6080714707264
513.6090449756765
513.6100184787814
513.6109919800411
513.6119654794556
513.612938977025
513.6139124727492
513.6148859666283
513.6158594586623
513.6168329488511
513.6178064371948
513.6187799236933
513.6197534083468
513.6207268911552
513.6217003721185
513.6226738512368
Current segment is :  1493
513.62364732851
513.6246208039381
513.6255942775213
513.6265677492594
513.6275412191525
513.6285146872005
513.6294881534037
513.6304616177619
513.631435080275
513.6324085409432
513.6333819997665
513.6343554567447
513.6353289118781
513.6363023651666
513.6372758166101
513.6382492662087
513.6392227139625
513.6401961598714
513.6411696039354
513.6421430461546
513.6431164865289
513.6440899250584
513.6450633617432
513.646036796583
513.647010229578
513.6479836607282
513.6489570900337
513.6499305174945
513.6509039431104
513.6518773668816
513.6528507888081
513.6538242088899
513.6547976271269
513.6557710435192
513.6567444580668
513.6577178707697
513.658691281628
513.6596646906415
513.6606380978104
513.6616115031347
513.6625849066144
513.6635583082494
513.6645317080398
513.6655051059856
513.6664785020869
513.6674518963436
513.6684252887557
513.6693986793232
513.6703720680462
513.6713454549246
513.6723188399584
513.6732922231478
513.6742656044926
513.6752389839929
513.6762123616488
513.6771857374603
513.6781591114271
513.6791324835496
513.6801058538276
513.6810792222612
513.6820525888504
513.6830259535951
513.6839993164955
513.6849726775514
513.685946036763
513.6869193941302
513.6878927496531
513.6888661033315
513.6898394551656
513.6908128051555
513.691786153301
513.6927594996022
513.693732844059
513.6947061866716
513.6956795274399
513.6966528663639
513.6976262034437
513.6985995386793
513.6995728720707
513.7005462036178
513.7015195333207
513.7024928611794
513.7034661871938
513.7044395113642
513.7054128336903
513.7063861541723
513.70735947281
513.7083327896037
513.7093061045532
513.7102794176586
513.7112527289199
513.7122260383371
513.7131993459102
513.7141726516393
513.7151459555242
513.7161192575651
513.7170925577619
513.7180658561148
513.7190391526236
513.7200124472884
513.7209857401091
513.7219590310858
513.7229323202187
513.7239056075075
513.7248788929523
513.7258521765532
513.7268254583101
513.7277987382232
513.7287720162923
513.7297452925175
513.7307185668988
513.7316918394362
513.7326651101297
513.7336383789793
513.7346116459851
513.735584911147
513.7365581744651
513.7375314359394
513.7385046955699
513.7394779533565
513.7404512092994
513.7414244633985
513.7423977156539
513.7433709660654
513.7443442146332
513.7453174613572
513.7462907062376
513.7472639492742
513.7482371904671
513.7492104298162
513.7501836673217
513.7511569029836
513.7521301368017
513.7531033687762
513.7540765989071
513.7550498271943
513.7560230536378
513.7569962782378
513.7579695009941
513.7589427219069
513.759915940976
513.7608891582016
513.7618623735837
513.7628355871221
513.7638087988171
513.7647820086685
513.7657552166763
513.7667284228406
513.7677016271615
513.7686748296388
513.7696480302727
513.7706212290631
513.77159442601
513.7725676211135
513.7735408143735
513.7745140057901
513.7754871953633
513.7764603830931
513.7774335689795
513.7784067530225
513.7793799352221
513.7803531155784
513.7813262940913
513.7822994707608
513.783272645587
513.7842458185698
513.7852189897094
513.7861921590056
513.7871653264586
513.7881384920684
513.7891116558347
513.7900848177579
513.7910579778378
513.7920311360745
513.7930042924679
513.7939774470182
513.7949505997252
513.795923750589
513.7968968996097
513.7978700467871
513.7988431921214
513.7998163356125
513.8007894772604
513.8017626170653
513.802735755027
513.8037088911456
513.804682025421
513.8056551578534
513.8066282884427
513.807601417189
513.8085745440922
513.8095476691523
513.8105207923694
513.8114939137434
513.8124670332745
513.8134401509625
513.8144132668075
513.8153863808095
513.8163594929686
513.8173326032846
513.8183057117577
513.8192788183879
513.8202519231752
513.8212250261195
513.8221981272209
513.8231712264794
513.824144323895
513.8251174194677
513.8260905131975
513.8270636050845
513.8280366951286
513.8290097833299
513.8299828696884
513.830955954204
513.8319290368768
513.8329021177068
513.8338751966941
513.8348482738385
513.8358213491401
513.836794422599
513.8377674942152
513.8387405639886
513.8397136319193
513.8406866980073
513.8416597622526
513.8426328246552
513.8436058852151
513.8445789439323
513.845552000807
513.8465250558388
513.847498109028
513.8484711603746
513.8494442098787
513.8504172575401
513.8513903033589
513.8523633473351
513.8533363894687
513.8543094297597
513.8552824682082
513.8562555048142
513.8572285395776
513.8582015724985
513.8591746035769
513.8601476328128
513.8611206602061
513.8620936857569
513.8630667094653
513.8640397313312
513.8650127513547
513.8659857695358
513.8669587858743
513.8679318003705
513.8689048130242
513.8698778238355
513.8708508328044
513.871823839931
513.8727968452152
513.873769848657
513.8747428502566
513.8757158500136
513.8766888479284
513.877661844001
513.8786348382312
513.8796078306191
513.8805808211647
513.881553809868
513.882526796729
513.8834997817479
513.8844727649245
513.8854457462588
513.8864187257509
513.8873917034008
513.8883646792085
513.889337653174
513.8903106252974
513.8912835955786
513.8922565640175
513.8932295306143
513.894202495369
513.8951754582815
513.8961484193519
513.8971213785802
513.8980943359664
513.8990672915106
513.9000402452127
513.9010131970728
513.9019861470907
513.9029590952666
513.9039320416005
513.9049049860922
513.905877928742
513.9068508695498
513.9078238085156
513.9087967456394
513.9097696809213
513.9107426143612
513.9117155459592
513.9126884757152
513.9136614036292
513.9146343297014
513.9156072539316
513.9165801763199
513.9175530968664
513.9185260155709
513.9194989324336
513.9204718474545
513.9214447606334
513.9224176719706
513.9233905814659
513.9243634891194
513.925336394931
513.926309298901
513.927282201029
513.9282551013154
513.9292279997599
513.9302008963626
513.9311737911237
513.932146684043
513.9331195751206
513.9340924643565
513.9350653517506
513.9360382373031
513.9370111210139
513.9379840028831
513.9389568829106
513.9399297610964
513.9409026374407
513.9418755119432
513.9428483846041
513.9438212554234
513.9447941244011
513.9457669915373
513.9467398568319
513.9477127202849
513.9486855818964
513.9496584416663
513.9506312995946
513.9516041556815
513.9525770099268
513.9535498623306
513.954522712893
513.9554955616138
513.9564684084932
513.9574412535311
513.9584140967276
513.9593869380826
513.9603597775962
513.9613326152684
513.9623054510992
513.9632782850886
513.9642511172366
513.9652239475432
513.9661967760085
513.9671696026323
513.9681424274149
513.9691152503561
513.970088071456
513.9710608907145
513.9720337081318
513.9730065237078
513.9739793374425
513.9749521493359
513.9759249593881
513.976897767599
513.9778705739686
513.978843378497
513.9798161811842
513.9807889820302
513.981761781035
513.9827345781986
513.983707373521
513.9846801670022
513.9856529586423
513.9866257484413
513.9875985363991
513.9885713225158
513.9895441067913
513.9905168892258
513.9914896698191
513.9924624485714
513.9934352254826
513.9944080005528
513.9953807737819
513.99635354517
513.997326314717
513.998299082423
513.999271848288
514.0002446123119
514.0012173744949
514.002190134837
514.003162893338
514.004135649998
514.0051084048172
514.0060811577954
514.0070539089327
514.008026658229
514.0089994056844
514.0099721512989
514.0109448950726
514.0119176370054
514.0128903770973
514.0138631153483
514.0148358517584
514.0158085863278
514.0167813190563
514.0177540499441
514.018726778991
514.0196995061971
514.0206722315625
514.021644955087
514.0226176767709
514.0235903966139
514.0245631146163
514.0255358307779
514.0265085450987
514.0274812575789
514.0284539682183
514.0294266770171
514.0303993839752
514.0313720890927
514.0323447923695
514.0333174938056
514.0342901934011
514.035262891156
514.0362355870702
514.0372082811439
514.0381809733769
514.0391536637694
514.0401263523213
514.0410990390326
514.0420717239034
514.0430444069336
514.0440170881234
514.0449897674725
514.0459624449812
514.0469351206494
514.0479077944772
514.0488804664644
514.0498531366112
514.0508258049175
514.0517984713833
514.0527711360087
514.0537437987937
514.0547164597382
514.0556891188423
514.0566617761061
514.0576344315296
514.0586070851125
514.0595797368551
514.0605523867574
514.0615250348194
514.062497681041
514.0634703254223
514.0644429679633
514.0654156086639
514.0663882475243
514.0673608845444
514.0683335197242
514.0693061530637
514.070278784563
514.071251414222
514.072224042041
514.0731966680196
514.074169292158
514.0751419144563
514.0761145349143
514.0770871535321
514.0780597703099
514.0790323852474
514.0800049983447
514.080977609602
514.0819502190192
514.0829228265962
514.0838954323332
514.08486803623
514.0858406382868
514.0868132385034
514.08778583688
514.0887584334166
514.0897310281132
514.0907036209697
514.0916762119863
514.0926488011628
514.0936213884993
514.0945939739958
514.0955665576523
514.0965391394689
514.0975117194455
514.0984842975821
514.0994568738788
514.1004294483356
514.1014020209525
514.1023745917295
514.1033471606665
514.1043197277637
514.105292293021
514.1062648564384
514.107237418016
514.1082099777537
514.1091825356517
514.1101550917098
514.111127645928
514.1121001983065
514.1130727488452
514.1140452975441
514.1150178444033
514.1159903894227
