1.0
Current segment is :  0
2.0
Current segment is :  1
3.0
4.0
Current segment is :  3
5.0
6.0
7.0
8.0
Current segment is :  7
9.0
10.0
11.0
12.0
13.0
14.0
15.0
16.0
Current segment is :  15
17.0
18.0
19.0
20.0
21.0
22.0
23.0
24.0
25.0
26.0
27.0
28.0
29.0
30.0
31.0
32.0
Current segment is :  31
33.0
34.0
35.0
36.0
37.0
38.0
39.0
40.0
41.0
42.0
43.0
44.0
45.0
46.0
47.0
48.0
49.0
50.0
51.0
52.0
53.0
54.0
55.0
56.0
57.0
58.0
59.0
60.0
61.0
62.0
63.0
64.0
Current segment is :  63
65.0
66.0
67.0
68.0
69.0
70.0
71.0
72.0
73.0
74.0
75.0
76.0
77.0
78.0
79.0
80.0
81.0
82.0
83.0
84.0
85.0
86.0
87.0
88.0
89.0
90.0
91.0
92.0
93.0
94.0
95.0
96.0
97.0
98.0
99.0
100.0
101.0
102.0
103.0
104.0
105.0
106.0
107.0
108.0
109.0
110.0
111.0
112.0
113.0
114.0
115.0
116.0
117.0
118.0
119.0
120.0
121.0
122.0
123.0
124.0
125.0
126.0
127.0
128.0
Current segment is :  127
129.0
130.0
131.0
132.0
133.0
134.0
135.0
136.0
137.0
138.0
139.0
140.0
141.0
142.0
143.0
144.0
145.0
146.0
147.0
148.0
149.0
150.0
151.0
152.0
153.0
154.0
155.0
156.0
157.0
158.0
159.0
160.0
161.0
162.0
163.0
164.0
165.0
166.0
167.0
168.0
169.0
170.0
171.0
172.0
173.0
174.0
175.0
176.0
177.0
178.0
179.0
180.0
181.0
182.0
183.0
184.0
185.0
186.0
187.0
188.0
189.0
190.0
191.0
192.0
193.0
194.0
195.0
196.0
197.0
198.0
199.0
200.0
201.0
202.0
203.0
204.0
205.0
206.0
207.0
208.0
209.0
210.0
211.0
212.0
213.0
214.0
215.0
216.0
217.0
218.0
219.0
220.0
221.0
222.0
223.0
224.0
225.0
226.0
227.0
228.0
229.0
230.0
231.0
232.0
233.0
234.0
235.0
236.0
237.0
238.0
239.0
240.0
241.0
242.0
243.0
244.0
245.0
246.0
247.0
248.0
249.0
250.0
251.0
252.0
253.0
254.0
255.0
256.0
Current segment is :  255
257.0
258.0
259.0
260.0
261.0
262.0
263.0
264.0
265.0
266.0
267.0
268.0
269.0
270.0
271.0
272.0
273.0
274.0
275.0
276.0
277.0
278.0
279.0
280.0
281.0
282.0
283.0
284.0
285.0
286.0
287.0
288.0
289.0
290.0
291.0
292.0
293.0
294.0
295.0
296.0
297.0
298.0
299.0
300.0
301.0
302.0
303.0
304.0
305.0
306.0
307.0
308.0
309.0
310.0
311.0
312.0
313.0
314.0
315.0
316.0
317.0
318.0
319.0
320.0
321.0
322.0
323.0
324.0
325.0
326.0
327.0
328.0
329.0
330.0
331.0
332.0
333.0
334.0
335.0
336.0
337.0
338.0
339.0
340.0
341.0
342.0
343.0
344.0
345.0
346.0
347.0
348.0
349.0
350.0
351.0
352.0
353.0
354.0
355.0
356.0
357.0
358.0
359.0
360.0
361.0
362.0
363.0
364.0
365.0
366.0
367.0
368.0
369.0
370.0
371.0
372.0
373.0
374.0
375.0
376.0
377.0
378.0
379.0
380.0
381.0
382.0
383.0
384.0
385.0
386.0
387.0
388.0
389.0
390.0
391.0
392.0
393.0
394.0
395.0
396.0
397.0
398.0
399.0
400.0
401.0
402.0
403.0
404.0
405.0
406.0
407.0
408.0
409.0
410.0
411.0
412.0
413.0
414.0
415.0
416.0
417.0
418.0
419.0
420.0
421.0
422.0
423.0
424.0
425.0
426.0
427.0
428.0
429.0
430.0
431.0
432.0
433.0
434.0
435.0
436.0
437.0
438.0
439.0
440.0
441.0
442.0
443.0
444.0
445.0
446.0
447.0
448.0
449.0
450.0
451.0
452.0
453.0
454.0
455.0
456.0
457.0
458.0
459.0
460.0
461.0
462.0
463.0
464.0
465.0
466.0
467.0
468.0
469.0
470.0
471.0
472.0
473.0
474.0
475.0
476.0
477.0
478.0
479.0
480.0
481.0
482.0
483.0
484.0
485.0
486.0
487.0
488.0
489.0
490.0
491.0
492.0
493.0
494.0
495.0
496.0
497.0
498.0
499.0
500.0
501.0
502.0
503.0
504.0
505.0
506.0
507.0
508.0
509.0
510.0
511.0
512.0
Current segment is :  511
512.001953125
512.0039062425494
512.0058593526484
512.007812455297
512.0097655504952
512.0117186382433
512.0136717185413
512.0156247913892
512.0175778567872
512.0195309147352
512.0214839652335
512.0234370082821
512.0253900438811
512.0273430720306
512.0292960927306
512.0312491059813
512.0332021117827
512.0351551101348
512.0371081010379
512.039061084492
512.0410140604971
512.0429670290534
512.044919990161
512.0468729438198
512.0488258900301
512.0507788287919
512.0527317601052
512.0546846839702
512.0566376003869
512.0585905093556
512.0605434108761
512.0624963049486
512.0644491915732
512.06640207075
512.068354942479
512.0703078067604
512.0722606635942
512.0742135129806
512.0761663549196
512.0781191894112
512.0800720164556
512.0820248360528
512.083977648203
512.0859304529063
512.0878832501626
512.0898360399722
512.091788822335
512.0937415972512
512.0956943647209
512.0976471247441
512.0995998773209
512.1015526224514
512.1035053601357
512.1054580903739
512.107410813166
512.1093635285122
512.1113162364126
512.1132689368671
512.115221629876
512.1171743154393
512.1191269935571
512.1210796642293
512.1230323274563
512.1249849832379
512.1269376315744
512.1288902724658
512.1308429059122
512.1327955319136
512.1347481504703
512.1367007615821
512.1386533652493
512.1406059614719
512.14255855025
512.1445111315836
512.1464637054729
512.148416271918
512.1503688309189
512.1523213824757
512.1542739265886
512.1562264632576
512.1581789924827
512.1601315142641
512.1620840286018
512.164036535496
512.1659890349467
512.167941526954
512.169894011518
512.1718464886387
512.1737989583163
512.1757514205509
512.1777038753426
512.1796563226912
512.1816087625972
512.1835611950604
512.185513620081
512.187466037659
512.1894184477945
512.1913708504877
512.1933232457386
512.1952756335473
512.1972280139139
512.1991803868384
512.201132752321
512.2030851103617
512.2050374609606
512.2069898041179
512.2089421398335
512.2108944681077
512.2128467889404
512.2147991023318
512.2167514082819
512.2187037067907
512.2206559978586
512.2226082814853
512.2245605576712
512.2265128264162
512.2284650877205
512.230417341584
512.232369588007
512.2343218269896
512.2362740585316
512.2382262826334
512.2401784992949
512.2421307085162
512.2440829102975
512.2460351046387
512.2479872915401
512.2499394710017
512.2518916430234
512.2538438076056
512.2557959647481
512.2577481144513
512.259700256715
512.2616523915393
512.2636045189245
512.2655566388705
512.2675087513775
512.2694608564454
512.2714129540745
512.2733650442649
512.2753171270165
512.2772692023294
512.2792212702038
512.2811733306398
512.2831253836374
512.2850774291967
512.2870294673178
512.2889814980007
512.2909335212456
512.2928855370526
512.2948375454217
512.296789546353
512.2987415398467
512.3006935259027
512.3026455045213
512.3045974757023
512.306549439446
512.3085013957525
512.3104533446217
512.3124052860538
512.3143572200489
512.3163091466071
512.3182610657284
512.320212977413
512.3221648816609
512.3241167784722
512.326068667847
512.3280205497854
512.3299724242875
512.3319242913533
512.333876150983
512.3358280031765
512.337779847934
512.3397316852556
512.3416835151414
512.3436353375915
512.345587152606
512.3475389601848
512.3494907603282
512.3514425530361
512.3533943383088
512.3553461161463
512.3572978865485
512.3592496495157
512.361201405048
512.3631531531453
512.3651048938078
512.3670566270356
512.3690083528288
512.3709600711875
512.3729117821116
512.3748634856014
512.3768151816569
512.3787668702781
512.3807185514653
512.3826702252184
512.3846218915376
512.3865735504229
512.3885252018744
512.3904768458922
512.3924284824764
512.394380111627
512.3963317333443
512.3982833476281
512.4002349544786
512.402186553896
512.4041381458802
512.4060897304314
512.4080413075498
512.4099928772353
512.4119444394879
512.413895994308
512.4158475416954
512.4177990816503
512.4197506141728
512.421702139263
512.4236536569208
512.4256051671465
512.4275566699401
512.4295081653017
512.4314596532314
512.4334111337292
512.4353626067954
512.4373140724298
512.4392655306326
512.441216981404
512.4431684247439
512.4451198606525
512.4470712891299
512.4490227101761
512.4509741237913
512.4529255299755
512.4548769287287
512.4568283200512
512.4587797039429
512.460731080404
512.4626824494345
512.4646338110346
512.4665851652043
512.4685365119436
512.4704878512528
512.4724391831318
512.4743905075808
512.4763418245998
512.4782931341889
512.4802444363482
512.4821957310778
512.4841470183778
512.4860982982483
512.4880495706893
512.4900008357009
512.4919520932832
512.4939033434364
512.4958545861604
512.4978058214554
512.4997570493214
512.5017082697585
512.5036594827669
512.5056106883467
512.5075618864978
512.5095130772204
512.5114642605146
512.5134154363803
512.5153666048178
512.5173177658271
512.5192689194083
512.5212200655616
512.5231712042869
512.5251223355843
512.5270734594541
512.5290245758961
512.5309756849105
512.5329267864973
512.5348778806568
512.5368289673889
512.5387800466939
512.5407311185717
512.5426821830223
512.544633240046
512.5465842896427
512.5485353318127
512.5504863665559
512.5524373938724
512.5543884137624
512.5563394262258
512.5582904312629
512.5602414288736
512.5621924190581
512.5641434018164
512.5660943771487
512.568045345055
512.5699963055355
512.5719472585901
512.573898204219
512.5758491424222
512.5778000731999
512.5797509965521
512.5817019124789
512.5836528209804
512.5856037220568
512.587554615708
512.5895055019341
512.5914563807353
512.5934072521115
512.595358116063
512.5973089725899
512.599259821692
512.6012106633697
512.6031614976229
512.6051123244517
512.6070631438563
512.6090139558366
512.6109647603929
512.6129155575251
512.6148663472334
512.6168171295178
512.6187679043785
512.6207186718154
512.6226694318287
512.6246201844185
512.6265709295849
512.628521667328
512.6304723976477
512.6324231205443
512.6343738360179
512.6363245440683
512.6382752446959
512.6402259379007
512.6421766236826
512.644127302042
512.6460779729787
512.6480286364929
512.6499792925847
512.6519299412541
512.6538805825013
512.6558312163263
512.6577818427293
512.6597324617102
512.6616830732693
512.6636336774066
512.665584274122
512.6675348634159
512.6694854452882
512.671436019739
512.6733865867683
512.6753371463764
512.6772876985632
512.6792382433289
512.6811887806734
512.6831393105971
512.6850898330998
512.6870403481818
512.6889908558429
512.6909413560835
512.6928918489035
512.6948423343031
512.6967928122822
512.6987432828411
512.7006937459797
512.7026442016983
512.7045946499967
512.7065450908752
512.7084955243339
512.7104459503727
512.7123963689918
512.7143467801912
512.7162971839712
512.7182475803316
512.7201979692728
512.7221483507947
512.7240987248973
512.7260490915809
512.7279994508453
512.729949802691
512.7319001471177
512.7338504841256
512.7358008137148
512.7377511358854
512.7397014506375
512.7416517579712
512.7436020578865
512.7455523503835
512.7475026354623
512.749452913123
512.7514031833658
512.7533534461907
512.7553037015977
512.7572539495868
512.7592041901584
512.7611544233123
512.7631046490487
512.7650548673678
512.7670050782694
512.7689552817538
512.7709054778211
512.7728556664713
512.7748058477044
512.7767560215207
512.7787061879201
512.7806563469028
512.7826064984688
512.7845566426182
512.7865067793512
512.7884569086677
512.790407030568
512.7923571450519
512.7943072521198
512.7962573517716
512.7982074440074
512.8001575288273
512.8021076062314
512.8040576762197
512.8060077387925
512.8079577939496
512.8099078416913
512.8118578820175
512.8138079149285
512.8157579404242
512.8177079585048
512.8196579691703
512.8216079724209
512.8235579682566
512.8255079566775
512.8274579376837
512.8294079112752
512.8313578774522
512.8333078362148
512.8352577875629
512.8372077314967
512.8391576680164
512.8411075971219
512.8430575188135
512.845007433091
512.8469573399548
512.8489072394046
512.8508571314409
512.8528070160635
512.8547568932726
512.8567067630681
512.8586566254504
512.8606064804194
512.8625563279752
512.8645061681178
512.8664560008475
512.8684058261642
512.8703556440681
512.8723054545592
512.8742552576376
512.8762050533035
512.8781548415567
512.8801046223975
512.882054395826
512.8840041618422
512.8859539204462
512.8879036716382
512.8898534154182
512.8918031517862
512.8937528807425
512.8957026022869
512.8976523164197
512.8996020231409
512.9015517224506
512.9035014143489
512.9054510988358
512.9074007759115
512.909350445576
512.9113001078294
512.9132497626719
512.9151994101034
512.9171490501241
512.919098682734
512.9210483079333
512.9229979257221
512.9249475361004
512.9268971390683
512.9288467346258
512.9307963227732
512.9327459035103
512.9346954768374
512.9366450427545
512.9385946012618
512.9405441523592
512.9424936960469
512.9444432323249
512.9463927611934
512.9483422826523
512.9502917967019
512.9522413033421
512.9541908025732
512.9561402943951
512.958089778808
512.9600392558119
512.961988725407
512.9639381875932
512.9658876423707
512.9678370897396
512.9697865297
512.9717359622518
512.9736853873953
512.9756348051305
512.9775842154576
512.9795336183764
512.9814830138873
512.9834324019903
512.9853817826853
512.9873311559726
512.9892805218522
512.9912298803241
512.9931792313885
512.9951285750454
512.997077911295
512.9990272401374
Current segment is :  1023
513.0009765615725
513.0029258756006
513.0048751822216
513.0068244814356
513.0087737732429
513.0107230576433
513.012672334637
513.0146216042242
513.0165708664048
513.018520121179
513.0204693685469
513.0224186085085
513.0243678410638
513.0263170662131
513.0282662839564
513.0302154942938
513.0321646972253
513.0341138927511
513.0360630808711
513.0380122615857
513.0399614348946
513.0419106007982
513.0438597592965
513.0458089103895
513.0477580540773
513.0497071903601
513.0516563192378
513.0536054407107
513.0555545547787
513.057503661442
513.0594527607005
513.0614018525546
513.0633509370041
513.0653000140492
513.06724908369
513.0691981459265
513.0711472007589
513.0730962481872
513.0750452882115
513.076994320832
513.0789433460486
513.0808923638615
513.0828413742707
513.0847903772765
513.0867393728787
513.0886883610775
513.090637341873
513.0925863152653
513.0945352812544
513.0964842398404
513.0984331910234
513.1003821348037
513.1023310711811
513.1042800001558
513.1062289217278
513.1081778358973
513.1101267426643
513.1120756420289
513.1140245339913
513.1159734185513
513.1179222957094
513.1198711654654
513.1218200278194
513.1237688827715
513.1257177303219
513.1276665704705
513.1296154032175
513.131564228563
513.133513046507
513.1354618570497
513.137410660191
513.1393594559312
513.1413082442702
513.1432570252082
513.1452057987452
513.1471545648814
513.1491033236167
513.1510520749514
513.1530008188855
513.1549495554191
513.1568982845522
513.158847006285
513.1607957206174
513.1627444275497
513.1646931270818
513.166641819214
513.1685905039462
513.1705391812786
513.1724878512113
513.1744365137441
513.1763851688775
513.1783338166113
513.1802824569456
513.1822310898807
513.1841797154165
513.186128333553
513.1880769442905
513.190025547629
513.1919741435686
513.1939227321093
513.1958713132512
513.1978198869946
513.1997684533393
513.2017170122855
513.2036655638333
513.2056141079827
513.2075626447339
513.209511174087
513.2114596960419
513.2134082105988
513.2153567177578
513.217305217519
513.2192537098824
513.2212021948482
513.2231506724164
513.2250991425872
513.2270476053604
513.2289960607364
513.2309445087152
513.2328929492968
513.2348413824812
513.2367898082688
513.2387382266594
513.2406866376532
513.2426350412503
513.2445834374507
513.2465318262546
513.2484802076619
513.2504285816728
513.2523769482875
513.254325307506
513.2562736593283
513.2582220037544
513.2601703407847
513.2621186704191
513.2640669926576
513.2660153075004
513.2679636149476
513.2699119149992
513.2718602076553
513.273808492916
513.2757567707815
513.2777050412518
513.2796533043269
513.281601560007
513.283549808292
513.2854980491823
513.2874462826776
513.2893945087783
513.2913427274843
513.2932909387958
513.295239142713
513.2971873392356
513.299135528364
513.3010837100982
513.3030318844382
513.3049800513842
513.3069282109362
513.3088763630944
513.3108245078588
513.3127726452295
513.3147207752066
513.3166688977901
513.3186170129802
513.3205651207769
513.3225132211803
513.3244613141906
513.3264093998076
513.3283574780318
513.330305548863
513.3322536123012
513.3342016683467
513.3361497169996
513.3380977582598
513.3400457921274
513.3419938186026
513.3439418376855
513.3458898493761
513.3478378536746
513.3497858505809
513.3517338400952
513.3536818222176
513.355629796948
513.3575777642868
513.3595257242339
513.3614736767894
513.3634216219533
513.3653695597258
513.3673174901069
513.3692654130967
513.3712133286955
513.3731612369031
513.3751091377197
513.3770570311455
513.3790049171803
513.3809527958243
513.3829006670777
513.3848485309405
513.3867963874128
513.3887442364947
513.3906920781862
513.3926399124875
513.3945877393987
513.3965355589198
513.3984833710508
513.4004311757919
513.4023789731432
513.4043267631048
513.4062745456766
513.408222320859
513.4101700886517
513.4121178490551
513.4140656020692
513.416013347694
513.4179610859297
513.4199088167763
513.421856540234
513.4238042563027
513.4257519649825
513.4276996662736
513.4296473601761
513.43159504669
513.4335427258154
513.4354903975524
513.437438061901
513.4393857188616
513.4413333684339
513.4432810106182
513.4452286454144
513.4471762728228
513.4491238928434
513.4510715054762
513.4530191107214
513.4549667085789
513.456914299049
513.4588618821317
513.4608094578272
513.4627570261354
513.4647045870564
513.4666521405904
513.4685996867374
513.4705472254975
513.4724947568708
513.4744422808574
513.4763897974574
513.4783373066708
513.4802848084978
513.4822323029383
513.4841797899926
513.4861272696606
513.4880747419426
513.4900222068384
513.4919696643483
513.4939171144723
513.4958645572106
513.497811992563
513.4997594205299
513.5017068411113
513.5036542543071
513.5056016601176
513.5075490585427
513.5094964495827
513.5114438332375
513.5133912095074
513.5153385783923
513.5172859398923
513.5192332940074
513.521180640738
513.5231279800838
513.5250753120451
513.5270226366221
513.5289699538146
513.5309172636228
513.5328645660468
513.5348118610867
513.5367591487426
513.5387064290145
513.5406537019026
513.5426009674069
513.5445482255275
513.5464954762645
513.5484427196179
513.5503899555879
513.5523371841746
513.554284405378
513.5562316191981
513.5581788256352
513.5601260246892
513.5620732163603
513.5640204006486
513.565967577554
513.5679147470768
513.5698619092169
513.5718090639746
513.5737562113497
513.5757033513426
513.5776504839531
513.5795976091815
513.5815447270278
513.583491837492
513.5854389405744
513.5873860362749
513.5893331245936
513.5912802055307
513.5932272790861
513.59517434526
513.5971214040526
513.5990684554638
513.6010154994937
513.6029625361424
513.60490956541
513.6068565872966
513.6088036018024
513.6107506089272
513.6126976086713
513.6146446010347
513.6165915860175
513.6185385636198
513.6204855338417
513.6224324966832
513.6243794521446
513.6263264002257
513.6282733409267
513.6302202742478
513.632167200189
513.6341141187503
513.6360610299319
513.6380079337338
513.6399548301561
513.6419017191988
513.6438486008622
513.6457954751462
513.647742342051
513.6496892015766
513.6516360537232
513.6535828984908
513.6555297358794
513.6574765658893
513.6594233885204
513.6613702037728
513.6633170116467
513.665263812142
513.667210605259
513.6691573909976
513.6711041693579
513.6730509403402
513.6749977039443
513.6769444601705
513.6788912090187
513.6808379504891
513.6827846845819
513.6847314112969
513.6866781306343
513.6886248425942
513.6905715471768
513.6925182443821
513.6944649342101
513.6964116166611
513.6983582917348
513.7003049594317
513.7022516197517
513.7041982726948
513.7061449182612
513.708091556451
513.7100381872642
513.7119848107009
513.7139314267612
513.7158780354451
513.7178246367529
513.7197712306845
513.72171781724
513.7236643964196
513.7256109682234
513.7275575326512
513.7295040897034
513.7314506393799
513.7333971816809
513.7353437166064
513.7372902441565
513.7392367643313
513.7411832771309
513.7431297825552
513.7450762806046
513.747022771279
513.7489692545786
513.7509157305033
513.7528621990533
513.7548086602287
513.7567551140295
513.7587015604558
513.7606479995078
513.7625944311854
513.7645408554889
513.7664872724182
513.7684336819734
513.7703800841547
513.7723264789621
513.7742728663957
513.7762192464556
513.7781656191419
513.7801119844546
513.7820583423938
513.7840046929597
513.7859510361523
513.7878973719717
513.7898437004179
513.7917900214911
513.7937363351914
513.7956826415187
513.7976289404734
513.7995752320553
513.8015215162645
513.8034677931013
513.8054140625655
513.8073603246575
513.8093065793771
513.8112528267245
513.8131990666998
513.815145299303
513.8170915245344
513.8190377423938
513.8209839528814
513.8229301559974
513.8248763517416
513.8268225401144
513.8287687211158
513.8307148947457
513.8326610610044
513.8346072198918
513.8365533714082
513.8384995155535
513.8404456523278
513.8423917817314
513.8443379037642
513.8462840184262
513.8482301257177
513.8501762256386
513.8521223181891
513.8540684033692
513.856014481179
513.8579605516187
513.8599066146882
513.8618526703876
513.8637987187171
513.8657447596768
513.8676907932667
513.8696368194869
513.8715828383375
513.8735288498186
513.8754748539303
513.8774208506726
513.8793668400456
513.8813128220494
513.8832587966841
513.8852047639498
513.8871507238465
513.8890966763744
513.8910426215335
513.892988559324
513.8949344897458
513.8968804127991
513.8988263284839
513.9007722368004
513.9027181377487
513.9046640313288
513.9066099175408
513.9085557963847
513.9105016678607
513.9124475319688
513.9143933887092
513.916339238082
513.918285080087
513.9202309147246
513.9221767419947
513.9241225618975
513.926068374433
513.9280141796014
513.9299599774026
513.9319057678368
513.9338515509041
513.9357973266046
513.9377430949384
513.9396888559054
513.9416346095059
513.9435803557398
513.9455260946072
513.9474718261083
513.9494175502432
513.951363267012
513.9533089764146
513.9552546784513
513.957200373122
513.9591460604269
513.961091740366
513.9630374129393
513.9649830781472
513.9669287359894
513.9688743864663
513.9708200295778
513.9727656653241
513.9747112937052
513.9766569147213
513.9786025283723
513.9805481346584
513.9824937335796
513.9844393251361
513.986384909328
513.9883304861552
513.9902760556179
513.9922216177162
513.9941671724501
513.9961127198198
513.9980582598254
Current segment is :  1536
514.0000037924668
514.0019493177443
514.0038948356579
514.0058403462076
514.0077858493936
514.0097313452159
514.0116768336746
514.0136223147698
514.0155677885016
514.0175132548701
514.0194587138753
514.0214041655174
514.0233496097964
514.0252950467124
514.0272404762654
514.0291858984557
514.0311313132831
514.033076720748
514.0350221208503
514.03696751359
514.0389128989673
514.0408582769822
514.042803647635
514.0447490109256
514.046694366854
514.0486397154206
514.0505850566251
514.0525303904678
514.0544757169489
514.0564210360683
514.0583663478261
514.0603116522224
514.0622569492573
514.0642022389309
514.0661475212431
514.0680927961943
514.0700380637843
514.0719833240133
514.0739285768815
514.0758738223889
514.0778190605355
514.0797642913215
514.0817095147468
514.0836547308116
514.0855999395161
514.0875451408602
514.0894903348442
514.0914355214679
514.0933807007316
514.0953258726353
514.097271037179
514.099216194363
514.1011613441872
514.1031064866518
514.1050516217567
514.1069967495022
514.1089418698882
514.110886982915
514.1128320885824
514.1147771868908
514.1167222778402
514.1186673614304
514.1206124376619
514.1225575065345
514.1245025680483
514.1264476222035
514.1283926690002
514.1303377084383
514.132282740518
514.1342277652394
514.1361727826026
514.1381177926075
514.1400627952545
514.1420077905434
514.1439527784745
514.1458977590478
514.1478427322633
514.1497876981211
514.1517326566214
514.1536776077643
514.1556225515496
514.1575674879778
514.1595124170486
514.1614573387624
514.163402253119
514.1653471601186
514.1672920597613
514.1692369520472
514.1711818369764
514.173126714549
514.175071584765
514.1770164476244
514.1789613031275
514.1809061512743
514.1828509920648
514.1847958254992
514.1867406515776
514.1886854702999
514.1906302816664
514.1925750856769
514.1945198823319
514.1964646716311
514.1984094535749
514.2003542281631
514.2022989953958
514.2042437552733
514.2061885077956
514.2081332529626
514.2100779907747
514.2120227212317
514.2139674443339
514.2159121600813
514.217856868474
514.2198015695119
514.2217462631953
514.2236909495242
514.2256356284987
514.2275803001189
514.229524964385
514.2314696212968
514.2334142708546
514.2353589130585
514.2373035479084
514.2392481754044
514.2411927955468
514.2431374083355
514.2450820137707
514.2470266118523
514.2489712025806
514.2509157859556
514.2528603619774
514.254804930646
514.2567494919615
514.258694045924
514.2606385925337
514.2625831317906
514.2645276636947
514.2664721882462
514.2684167054451
514.2703612152916
514.2723057177857
514.2742502129274
514.2761947007169
514.2781391811543
514.2800836542397
514.282028119973
514.2839725783545
514.2859170293841
514.287861473062
514.2898059093882
514.2917503383628
514.293694759986
514.2956391742579
514.2975835811784
514.2995279807477
514.3014723729658
514.3034167578329
514.305361135349
514.3073055055143
514.3092498683286
514.3111942237923
514.3131385719054
514.3150829126679
514.3170272460799
514.3189715721414
514.3209158908527
514.3228602022137
514.3248045062247
514.3267488028856
514.3286930921965
514.3306373741575
514.3325816487687
514.3345259160302
514.336470175942
514.3384144285043
514.3403586737171
514.3423029115805
514.3442471420946
514.3461913652594
514.3481355810751
514.3500797895417
514.3520239906594
514.3539681844281
514.3559123708482
514.3578565499193
514.3598007216419
514.3617448860159
514.3636890430415
514.3656331927186
514.3675773350475
514.3695214700281
514.3714655976605
514.3734097179449
514.3753538308814
514.37729793647
514.3792420347107
514.3811861256038
514.3831302091492
514.385074285347
514.3870183541973
514.3889624157002
514.3909064698558
514.3928505166642
514.3947945561255
514.3967385882397
514.3986826130069
514.4006266304273
514.4025706405008
514.4045146432276
514.4064586386078
514.4084026266414
514.4103466073285
514.4122905806693
514.4142345466637
514.4161785053119
514.4181224566139
514.4200664005699
514.4220103371799
514.4239542664441
514.4258981883623
514.427842102935
514.4297860101619
514.4317299100433
514.4336738025792
514.4356176877696
514.4375615656148
514.4395054361148
514.4414492992696
514.4433931550793
514.4453370035441
514.447280844664
514.449224678439
514.4511685048693
514.453112323955
514.4550561356962
514.4569999400928
514.4589437371451
514.4608875268531
514.4628313092168
514.4647750842363
514.4667188519118
514.4686626122433
514.4706063652309
514.4725501108747
514.4744938491748
514.4764375801312
514.4783813037441
514.4803250200135
514.4822687289395
514.4842124305222
514.4861561247617
514.488099811658
514.4900434912113
514.4919871634215
514.493930828289
514.4958744858135
514.4978181359953
514.4997617788345
514.5017054143311
514.5036490424852
514.505592663297
514.5075362767664
514.5094798828935
514.5114234816785
514.5133670731216
514.5153106572226
514.5172542339817
514.519197803399
514.5211413654746
514.5230849202085
514.5250284676008
514.5269720076517
514.5289155403611
514.5308590657293
514.5328025837562
514.534746094442
514.5366895977867
514.5386330937904
514.5405765824532
514.5425200637752
514.5444635377564
514.546407004397
514.548350463697
514.5502939156567
514.5522373602759
514.5541807975547
514.5561242274933
514.5580676500919
514.5600110653503
514.5619544732687
514.5638978738472
514.5658412670858
514.5677846529848
514.5697280315441
514.5716714027637
514.573614766644
514.5755581231849
514.5775014723864
514.5794448142487
514.5813881487719
514.583331475956
514.5852747958011
514.5872181083072
514.5891614134746
514.5911047113032
514.5930480017931
514.5949912849445
514.5969345607574
514.5988778292319
514.6008210903681
514.602764344166
514.6047075906257
514.6066508297474
514.6085940615311
514.6105372859769
514.6124805030848
514.6144237128551
514.6163669152877
514.6183101103827
514.6202532981403
514.6221964785603
514.6241396516431
514.6260828173886
514.628025975797
514.6299691268682
514.6319122706026
514.6338554069999
514.6357985360605
514.6377416577843
514.6396847721714
514.641627879222
514.6435709789362
514.6455140713139
514.6474571563552
514.6494002340604
514.6513433044294
514.6532863674622
514.6552294231591
514.6571724715201
514.6591155125452
514.6610585462346
514.6630015725883
514.6649445916065
514.6668876032892
514.6688306076364
514.6707736046484
514.672716594325
514.6746595766665
514.6766025516729
514.6785455193443
514.6804884796808
514.6824314326825
514.6843743783494
514.6863173166817
514.6882602476793
514.6902031713424
514.6921460876712
514.6940889966656
514.6960318983258
514.6979747926518
514.6999176796438
514.7018605593017
514.7038034316257
514.7057462966159
514.7076891542723
514.709632004595
514.7115748475842
514.7135176832398
514.7154605115621
514.717403332551
514.7193461462067
514.7212889525292
514.7232317515186
514.725174543175
514.7271173274984
514.729060104489
514.7310028741468
514.7329456364721
514.7348883914647
514.7368311391248
514.7387738794524
514.7407166124477
514.7426593381108
514.7446020564417
514.7465447674406
514.7484874711074
514.7504301674423
514.7523728564454
514.7543155381167
514.7562582124563
514.7582008794643
514.7601435391408
514.7620861914859
514.7640288364996
514.765971474182
514.7679141045334
514.7698567275536
514.7717993432427
514.773741951601
514.7756845526284
514.777627146325
514.779569732691
514.7815123117264
514.7834548834312
514.7853974478056
514.7873400048497
514.7892825545636
514.7912250969472
514.7931676320007
514.7951101597242
514.7970526801178
514.7989951931814
514.8009376989154
514.8028801973197
514.8048226883944
514.8067651721396
514.8087076485554
514.8106501176417
514.8125925793988
514.8145350338267
514.8164774809255
514.8184199206953
514.8203623531361
514.8223047782482
514.8242471960314
514.8261896064859
514.8281320096117
514.8300744054092
514.8320167938781
514.8339591750187
514.835901548831
514.8378439153151
514.8397862744712
514.8417286262992
514.8436709707993
514.8456133079715
514.8475556378158
514.8494979603325
514.8514402755217
514.8533825833832
514.8553248839173
514.8572671771241
514.8592094630036
514.8611517415559
514.8630940127811
514.8650362766792
514.8669785332504
514.8689207824948
514.8708630244124
514.8728052590033
514.8747474862676
514.8766897062053
514.8786319188166
514.8805741241015
514.8825163220602
514.8844585126926
514.8864006959989
514.8883428719791
514.8902850406334
514.8922272019619
514.8941693559646
514.8961115026415
514.8980536419928
514.8999957740185
