1.0
Current segment is :  0
2.5
Current segment is :  1
4.0
5.5
7.0
Current segment is :  4
8.5
10.0
11.5
13.0
14.5
16.0
17.5
Current segment is :  11
19.0
20.5
22.0
23.5
25.0
26.5
28.0
29.5
31.0
32.5
34.0
35.5
37.0
38.5
40.0
41.5
43.0
44.5
Current segment is :  29
46.0
47.5
49.0
50.5
52.0
53.5
55.0
56.5
58.0
59.5
61.0
62.5
64.0
65.5
67.0
68.5
70.0
71.5
73.0
74.5
76.0
77.5
79.0
80.5
82.0
83.5
85.0
86.5
88.0
89.5
91.0
92.5
94.0
95.5
9.55
9.654712041884817
9.758288409119979
9.860765396689379
9.962177402732616
10.062557064685404
10.16193538309609
10.26034183445608
10.357804474213541
10.454350030995345
10.550003992937997
Current segment is :  74
10.644790686921182
10.73873335140482
10.831854203490153
10.924174500755397
11.015714598355528
11.106494001822398
11.196531415954698
11.285844790146195
11.374451360464539
11.46236768876111
11.54960969906414
Current segment is :  85
11.636192711482389
11.722131473824579
11.807440191119978
11.892132553208086
11.976221760549643
12.059720548397248
12.14264120945128
12.224995615115647
12.306795235457724
12.388051157967823
12.468774105205316
12.548974451411166
Current segment is :  97
12.62866223815995
12.707847189118437
12.786538723972294
1.2786538723972294
2.0607263484498715
2.5459921387146607
2.93876632870287
3.279045169600501
3.584011996306897
3.8630289195288166
4.121893147788845
4.364500116030232
4.593621429677844
Current segment is :  110
4.811314597325342
5.019158000572328
5.218394605573798
5.41002442194144
5.594866471072364
Current segment is :  115
5.773601746555771
5.946803855723856
6.114961411321977
6.278494740927046
6.437768586213783
6.593101911201801
Current segment is :  121
6.744775586729398
6.893038488458484
7.038112391886468
7.180195942747747
7.3194679080219025
7.456089860951573
7.590208416206267
Current segment is :  128
7.7219571041428
7.851457953022614
7.978822833021114
8.104154604502668
8.227548104355742
8.349090997489432
8.468864515385057
8.586944099511516
Current segment is :  136
8.703399964183662
8.818297590871532
8.931698163906761
9.043658955869148
9.154233669586214
9.263472742576274
9.371423618860916
9.478130992326289
9.58363702519391
Current segment is :  145
9.687981544646302
9.791202220221662
9.89333472422967
9.99441287713507
10.094468779597113
10.193532932633198
10.291634347187777
10.388800644227203
10.485058146343741
10.580431961733474
Current segment is :  155
10.674946061310573
10.7686233496319
10.861485730228969
10.953554165877406
11.044848734275599
1.1044848734275599
2.009884326202942
2.5074253970809823
2.9062408518355483
3.2503279564430043
3.557989218137455
Current segment is :  166
3.839046843298973
4.0995281660902
4.343458676989389
4.573689945286648
Current segment is :  170
4.79233178851665
5.000998476077013
5.2009585450079765
5.393230794699301
5.578648411349945
Current segment is :  175
5.757903300036865
5.931577630412229
6.100166842643529
6.264096785183698
6.423736719605732
6.579409351229616
Current segment is :  181
6.731398678328273
6.8799562141075015
7.025305976355912
7.167648531024073
7.307164300480633
7.444016293795499
7.578352378045272
Current segment is :  188
7.710307181690591
7.840003700445987
7.96755466065065
8.093063683505392
8.216626284654586
8.338330736744322
8.458258817264483
8.576486459809407
Current segment is :  196
8.69308432359502
8.808118293446867
8.921649920371541
9.033736811128891
9.1444329738473
9.25378912560214
9.361852966956956
9.468669427707786
9.5742808874419
Current segment is :  205
9.678727373998571
9.782046742481503
9.88427483710481
9.985445637844393
10.08559139360416
10.184742743383625
10.282928826743426
10.380177384702831
10.476514852063811
10.571966442036311
Current segment is :  215
10.666556223935713
10.760307194633828
10.853241344366905
10.94537971743635
11.036742468278787
11.127348913330318
11.217217579064528
11.306366246543918
11.394811992789373
11.48257122924126
11.569659737558407
Current segment is :  226
11.65609270297689
11.741884745429042
11.82704994860388
11.911601887113115
11.99555365191159
12.078917874107423
12.161706747284848
12.243932048451828
12.32560515771467
12.406737076772947
12.487338446320154
12.567419562428181
Current segment is :  238
12.646990391987307
12.726060587267408
12.804639499660809
12.882736192662318
12.960359454137592
13.037517807926982
13.114219524828338
13.190472632998958
13.266284927813798
13.341663981214303
13.416617150579688
13.491151587150146
13.565274244029375
Current segment is :  251
13.63899188379181
13.712311085718191
13.785238252681427
13.85777961770321
13.929941250200418
14.001729061939079
14.073148812712454
14.144206115758712
14.214906442932667
14.285255129645071
14.355257379582126
14.42491826921705
14.494242752124798
14.563235663110326
Current segment is :  265
14.631901722160176
14.700245538226511
14.768271612852244
14.835984343645315
14.903388027609724
14.9704868643405
15.037284959089309
15.10378632570706
15.16999488946951
15.23591448979147
15.301548882834963
15.366901744016342
15.43197667041713
15.496777183103038
15.561306729355426
Current segment is :  280
15.625568684819202
15.689566355570957
15.753302980110929
15.816781731282193
15.880005718120312
15.942977987636496
16.005701526537162
16.068179262882676
16.13041406768785
16.19240875646668
16.254166090723736
16.315688779394346
16.376979480235793
16.43804080117149
16.4988753015901
16.559485493601407
Current segment is :  296
16.6198738432507
16.680042771693326
16.739994656331
16.799731831911387
16.859256591592402
16.91857118797257
16.977677834088816
17.036578704382876
17.095275935637574
17.15377162788407
17.212067845281208
17.270166616967966
17.328069937890042
17.3857797696015
17.443298041042418
17.500626649293398
17.55776746030775
Current segment is :  313
17.614722309622202
17.67149300304686
17.728081317335164
17.784489000834572
17.840717774118588
17.896769330600844
17.95264533713182
18.008347434578802
18.063877238389665
18.119236339141015
18.17442630307122
18.229448672598835
18.284304966826927
18.338996682033727
18.393525292150095
18.44789224922421
18.502098983873914
18.556146905727083
Current segment is :  331
18.61003740385045
18.663771847167208
1.866377184716721
2.4021745616825028
2.818464042035501
3.173267220321855
3.4883998361935724
3.775064223006286
4.039960378654638
4.287487558694214
4.5207243870955445
4.741927874495597
4.952812566643381
5.1547180469223814
5.34871507855383
5.535675869194856
5.716322284127645
5.89125993639695
1
Current segment is :  350
2.0
Current segment is :  351
2.5
2.9
Current segment is :  353
3.2448275862068963
3.5530103704789475
3.8344618428159674
Current segment is :  356
4.095254632258779
4.339439692724345
4.569884190357676
4.7887081163796905
Current segment is :  360
4.997532704493449
5.197631445038131
5.390026771750771
5.575554607204394
5.754908962142979
Current segment is :  365
5.92867365704575
6.097345447373015
6.261351244425376
6.4210611793839565
6.576798676981813
6.7288483365677
Current segment is :  371
6.877462178042702
7.02286464978477
7.165256686349315
7.3048190277662135
7.441714958548197
7.576092585959378
7.70808674899974
Current segment is :  378
7.837820628827931
7.965407115857494
8.090949977064074
8.214544858114477
8.336280148051104
8.456237728919326
8.574493628535313
8.691118591282043
Current segment is :  386
8.806178579187753
8.919735213431279
9.031846164717614
9.142565499586983
9.25194398859482
9.36002938137635
9.466866652847923
9.572498224166102
9.676964161540262
Current segment is :  395
9.780302355555111
9.882548683290779
9.983737155217133
10.083900048575902
10.183068028740603
10.281270259853821
10.378534505878438
10.474887223059616
10.570353644674025
10.664957858838974
Current segment is :  405
10.758722880064184
10.851670715150911
10.943822423975233
11.035198175633012
11.125817300372258
11.215698337693134
11.304859080955927
11.39331661880216
11.481087373662929
11.568187137601138
11.654631105709987
Current segment is :  416
11.740433907268422
11.825609634835093
11.910171871445227
11.994133716059537
12.077507807400627
12.160306346300121
12.242541116668736
12.324223505191693
12.405364519842939
12.485974807303695
12.566064669363568
12.645644078376003
Current segment is :  428
12.724722691833897
12.803309866125856
12.881414669528743
12.959045894487716
13.036212069230979
13.112921468762785
13.189182125274927
13.265001838013873
13.340388182637986
13.415348520096641
13.48989000506082
13.56401959393255
13.637744052458643
Current segment is :  441
13.711069962972392
13.78400373128519
13.856551593248572
13.928719621005726
14.000513728950287
14.071939679408962
14.14300308806351
14.213709429126533
14.284064040284603
14.354072127421412
14.423738769132767
14.49306892104456
14.562067419944125
14.630738987734725
Current segment is :  455
14.699088235222384
14.767119665743616
14.834837678642216
14.90224657260266
14.96935054884732
15.036153714204216
15.102660084051667
15.168873585145821
15.234798058336715
1.5234798058336716
2.179871834248374
2.6386144008015138
3.0176011901164803
3.348990242876431
3.647587708822198
Current segment is :  470
3.9217415002667084
4.176730259707378
4.41615199341303
4.642593474931683
Current segment is :  474
4.857990322706453
5.063836759930907
5.261315479607021
5.451382014084192
5.634821735867843
Current segment is :  479
5.812289639357071
5.984338876757191
6.15144171310958
6.314005230190277
6.472383306156785
6.626885898586495
Current segment is :  485
6.7777863388993875
6.925327136144759
7.069724646954145
7.211172871593393
7.349846568342399
7.485903830313996
7.619488234103759
Current segment is :  492
7.750730644259882
7.879750738738406
8.00665830639582
8.131554356874357
8.254532075046358
8.375677645856243
8.495070970466191
8.612786290735626
Current segment is :  500
8.728892735995466
8.843454803630491
8.95653278301808
9.068183130783908
9.178458804044771
9.28740955725394
9.395082207397698
9.50152087157592
9.60676718040544
Current segment is :  509
9.710860470189713
9.813837956383628
9.915734890533587
10.016584702578752
10.116419130149914
10.215268336290425
10.313161016842676
10.410124498588658
10.50618482910013
10.601366859139254
Current segment is :  519
10.695694318351546
10.789189884907165
10.881875249672028
10.973771175425279
11.064897551582948
11.155273444838006
11.244917146083424
11.333846213946613
11.422077515229796
11.509627262521096
11.59651104921472
Current segment is :  530
11.682743882155256
11.768340212100265
11.853313962176914
11.93767855449185
12.021446935038814
12.104631597035308
12.18724460280782
12.269297604334483
12.350801862544563
12.431768265465545
12.512207345300865
12.592129294514372
Current segment is :  542
12.671543980991236
12.750460962339375
12.828889499390206
12.906838568952894
12.984316875871947
13.061332864434137
13.137894729167176
13.214010425069345
13.28968767730632
13.364933990408742
13.439756657001608
13.514162766094293
13.588159210957965
Current segment is :  555
13.66175269661521
13.734949746964961
13.80775671156423
13.880179772086615
13.952224948476262
14.023898104814615
14.095204954916206
14.166151067668629
14.236741872130844
14.306982662403058
14.376878602280575
14.446434729703212
14.515655961011163
14.584547095017506
Current segment is :  569
14.653112816906917
14.721357701969577
14.789286219178708
14.856902734619677
14.924211514778127
14.991216729694157
1.499121672969416
2.1661789359194135
2.627821316157757
3.0083646939937125
3.3407712010892547
3.6401032833563525
3.9148207630971887
4.170260299289097
4.4100534844220425
Current segment is :  584
4.63680810395951
4.852473703565858
5.058554160893251
5.2562391056806
5.446489202735596
Current segment is :  589
5.630093716171101
5.807710653013153
5.979895539579632
6.147122541018238
6.309800280615463
6.468283902208389
Current segment is :  595
6.6228844137379745
6.773876026686207
6.921501993866654
7.065979305422171
7.207502505077262
7.346246820364778
7.482370752006696
Current segment is :  602
7.616018232617279
7.747320439289695
7.876397325657865
8.003358924807065
8.128306463633598
8.251333321008383
8.37252585572928
8.491964125282752
Current segment is :  610
1
2.0
2.5
1
2.0
2.5
2.9
3.2448275862068963
3.5530103704789475
Current segment is :  619
3.8344618428159674
4.095254632258779
4.339439692724345
4.569884190357676
Current segment is :  623
1
2.0
2.5
2.9
3.2448275862068963
Current segment is :  628
3.5530103704789475
3.8344618428159674
4.095254632258779
4.339439692724345
Current segment is :  632
4.569884190357676
4.7887081163796905
4.997532704493449
5.197631445038131
5.390026771750771
Current segment is :  637
5.575554607204394
5.754908962142979
5.92867365704575
6.097345447373015
6.261351244425376
6.4210611793839565
Current segment is :  643
6.576798676981813
6.7288483365677
6.877462178042702
7.02286464978477
7.165256686349315
7.3048190277662135
7.441714958548197
Current segment is :  650
7.576092585959378
7.70808674899974
7.837820628827931
7.965407115857494
8.090949977064074
8.214544858114477
8.336280148051104
8.456237728919326
Current segment is :  658
8.574493628535313
8.691118591282043
8.806178579187753
8.919735213431279
9.031846164717614
9.142565499586983
9.25194398859482
9.36002938137635
9.466866652847923
Current segment is :  667
9.572498224166102
9.676964161540262
9.780302355555111
9.882548683290779
9.983737155217133
10.083900048575902
10.183068028740603
10.281270259853821
10.378534505878438
10.474887223059616
Current segment is :  677
10.570353644674025
10.664957858838974
10.758722880064184
10.851670715150911
10.943822423975233
11.035198175633012
11.125817300372258
11.215698337693134
11.304859080955927
11.39331661880216
11.481087373662929
Current segment is :  688
11.568187137601138
11.654631105709987
11.740433907268422
11.825609634835093
11.910171871445227
11.994133716059537
12.077507807400627
12.160306346300121
12.242541116668736
12.324223505191693
12.405364519842939
12.485974807303695
Current segment is :  700
12.566064669363568
12.645644078376003
12.724722691833897
12.803309866125856
12.881414669528743
12.959045894487716
13.036212069230979
13.112921468762785
13.189182125274927
13.265001838013873
13.340388182637986
13.415348520096641
13.48989000506082
Current segment is :  713
13.56401959393255
13.637744052458643
13.711069962972392
13.78400373128519
13.856551593248572
13.928719621005726
14.000513728950287
14.071939679408962
14.14300308806351
14.213709429126533
14.284064040284603
14.354072127421412
14.423738769132767
14.49306892104456
Current segment is :  727
14.562067419944125
14.630738987734725
14.699088235222384
14.767119665743616
14.834837678642216
14.90224657260266
14.96935054884732
15.036153714204216
15.102660084051667
15.168873585145821
15.234798058336715
15.300437261178185
15.365794870436668
15.430874484503622
15.495679625716082
Current segment is :  742
15.560213742589564
15.624480211967354
15.688482341089964
15.75222336958836
15.815706471404363
15.878934756641451
15.941911273349017
16.004639009243004
16.06712089336563
16.12935979768687
16.191358538650128
16.25311987866449
16.314646527545772
16.375941143908534
16.437006336511036
16.4978446655551
Current segment is :  758
16.558458643942704
16.61885073849106
16.679023371107817
16.738978919928034
16.798719720414347
16.858248066421858
16.917566211229076
16.976676368536232
17.035580713432232
17.09428138333141
17.152780478881287
17.211080064842363
17.269182170941022
17.32708879269655
17.3848018922232
17.442323399008234
17.499655210666816
Current segment is :  775
17.556799193674575
17.613757184078672
17.670530988188105
17.727122383244
17.783533118070608
17.839764913707654
17.89581946402472
17.951698436318235
18.007403471891745
18.062936186619936
18.118298171497052
18.17349099317018
18.228516194457914
18.283375294854906
18.338069791022768
18.392601157267734
1.8392601157267734
2.382957003105237
Current segment is :  793
2.8026036852303857
3.1594147481965704
3.4759290648341095
Current segment is :  796
3.7636219323661244
4.029323434262548
4.277504057216938
4.511285249852587
Current segment is :  800
4.732951569895788
4.944236216533747
5.1464919252428
5.340799040560546
5.528036941182817
Current segment is :  805
5.7089329826962505
5.884097063800547
6.0540466735974485
6.2192254463943515
6.380017173373755
6.536756563382513
Current segment is :  811
6.689737631333212
6.839220324842182
6.985435822004583
7.128590812685327
7.268870992355691
7.406443938835501
7.541461500334417
Current segment is :  818
7.674061792725442
7.80437088157692
7.932504207782702
8.058567803061843
8.182659332033039
8.304868990216566
8.425280281614183
8.543970695057428
Current segment is :  826
8.6610122949986
8.776472239626257
8.89041323695374
9.002893947731437
9.113969342577333
9.223691019534083
9.332107487288932
9.43926441849253
9.545204876950383
Current segment is :  835
9.649969521909947
9.753596792206451
9.856123072644765
9.957582844669675
10.058008823102313
10.157432080487322
10.255882160396892
10.35338718086812
10.449973929004797
10.54566794764961
Current segment is :  845
10.640493614924946
10.734474217347126
10.827632017138006
10.919988314287485
11.011563503859037
11.10237712897681
11.192447929885747
11.281793889434939
11.370432275298064
11.458379679212731
11.545652053492155
Current segment is :  856
11.632264745037586
11.718232527057559
11.803569628680265
11.888289762627728
11.9724061511047
12.05593155004113
12.138878271814496
12.221258206566946
12.303082842222107
12.384363283297263
12.465110268598373
12.545334187878025
Current segment is :  868
12.625045097529698
12.704252735385635
12.782966534680154
12.861195637235262
12.93894890592086
13.01623493643779
13.093062068468159
13.169438396234014
13.245371778502308
13.32086984807126
13.395940020770588
13.470589504005769
13.54482530487422
Current segment is :  881
13.618654237879369
13.692082932266702
13.765117839004187
13.837765237427936
13.910031241572538
13.981921806204149
14.053442732573245
14.124599673902802
14.195398140626615
14.265843505391556
14.335941007836615
14.405695759160812
14.475112746491263
14.544196837061984
Current segment is :  895
14.61295278221337
14.681385221221671
14.749498684967211
14.817297599449587
14.884786289157564
14.951968980300965
15.018849803911387
15.085432798818198
15.151721914505906
15.21772101385861
15.283433875796959
15.348864197812722
15.41401559840577
15.478891619428055
15.543495728338854
Current segment is :  910
15.607831320375388
15.671901720642627
15.73571018612597
15.799259907630228
15.862554011648166
15.925595562161764
15.98838756237907
16.050932956409486
16.113234630880108
16.17529541649565
16.237118089544342
16.29870537335205
16.360059939686806
16.421184410115803
16.48208135731676
16.542753306345578
Current segment is :  926
16.60320273586203
16.66343207931515
16.723443726089965
16.783240022617093
16.842823273446633
16.9021957422878
16.96135965301557
17.020317190645653
17.079070502278974
17.137621698016854
1.7137621698016856
2.297273708112581
2.732572295507111
3.098527846488945
1
2.0
2.5
Current segment is :  943
2.9
3.2448275862068963
3.5530103704789475
Current segment is :  946
3.8344618428159674
4.095254632258779
4.339439692724345
4.569884190357676
Current segment is :  950
4.7887081163796905
4.997532704493449
5.197631445038131
5.390026771750771
5.575554607204394
Current segment is :  955
5.754908962142979
5.92867365704575
6.097345447373015
6.261351244425376
6.4210611793839565
6.576798676981813
Current segment is :  961
6.7288483365677
6.877462178042702
7.02286464978477
7.165256686349315
7.3048190277662135
7.441714958548197
7.576092585959378
Current segment is :  968
7.70808674899974
7.837820628827931
7.965407115857494
8.090949977064074
8.214544858114477
8.336280148051104
8.456237728919326
8.574493628535313
Current segment is :  976
8.691118591282043
8.806178579187753
8.919735213431279
9.031846164717614
9.142565499586983
9.25194398859482
9.36002938137635
9.466866652847923
9.572498224166102
Current segment is :  985
9.676964161540262
9.780302355555111
9.882548683290779
9.983737155217133
10.083900048575902
10.183068028740603
10.281270259853821
10.378534505878438
10.474887223059616
10.570353644674025
Current segment is :  995
10.664957858838974
10.758722880064184
10.851670715150911
10.943822423975233
11.035198175633012
11.125817300372258
11.215698337693134
11.304859080955927
11.39331661880216
11.481087373662929
11.568187137601138
Current segment is :  1006
11.654631105709987
11.740433907268422
11.825609634835093
11.910171871445227
11.994133716059537
12.077507807400627
12.160306346300121
12.242541116668736
12.324223505191693
12.405364519842939
12.485974807303695
12.566064669363568
Current segment is :  1018
12.645644078376003
12.724722691833897
12.803309866125856
12.881414669528743
12.959045894487716
13.036212069230979
13.112921468762785
13.189182125274927
13.265001838013873
13.340388182637986
13.415348520096641
13.48989000506082
13.56401959393255
Current segment is :  1031
13.637744052458643
13.711069962972392
13.78400373128519
13.856551593248572
13.928719621005726
14.000513728950287
14.071939679408962
14.14300308806351
14.213709429126533
14.284064040284603
14.354072127421412
14.423738769132767
14.49306892104456
14.562067419944125
Current segment is :  1045
14.630738987734725
14.699088235222384
14.767119665743616
14.834837678642216
14.90224657260266
14.96935054884732
15.036153714204216
15.102660084051667
15.168873585145821
15.234798058336715
15.300437261178185
15.365794870436668
15.430874484503622
15.495679625716082
15.560213742589564
Current segment is :  1060
15.624480211967354
15.688482341089964
15.75222336958836
15.815706471404363
15.878934756641451
15.941911273349017
16.004639009243004
16.06712089336563
16.12935979768687
16.191358538650128
16.25311987866449
16.314646527545772
16.375941143908534
16.437006336511036
16.4978446655551
16.558458643942704
Current segment is :  1076
16.61885073849106
16.679023371107817
16.738978919928034
16.798719720414347
16.858248066421858
16.917566211229076
16.976676368536232
17.035580713432232
17.09428138333141
17.152780478881287
17.211080064842363
17.269182170941022
17.32708879269655
17.3848018922232
17.442323399008234
17.499655210666816
17.556799193674575
Current segment is :  1093
17.613757184078672
17.670530988188105
17.727122383244
17.783533118070608
17.839764913707654
17.89581946402472
17.951698436318235
18.007403471891745
18.062936186619936
18.118298171497052
18.17349099317018
18.228516194457914
18.283375294854906
18.338069791022768
18.392601157267734
18.44697084600558
18.501180288214165
18.55523089387401
Current segment is :  1111
18.609124052397313
18.662861133045727
18.716443485337322
18.76987243944302
18.823149306572848
18.87627537935233
18.929251932189327
18.98208022163163
19.03476148671555
19.087296949305816
19.13968781442705
19.19193527058703
19.244040490092047
19.29600462935453
19.347828829193222
19.399514215126093
19.45106189765622
19.502472972550827
19.553748521113693
Current segment is :  1130
19.604889610451128
19.655897293731677
19.706772610439753
19.757516586623364
19.808130235136105
19.858614555873565
19.908970536004325
19.95919915019568
20.009301360834236
20.059278118241537
20.109130360884837
20.15885901558316
20.208464997708784
20.25794921138426
20.30731254967509
20.356555894778182
20.4056801182062
20.4546860809679
20.503574633744588
20.552346617062767
Current segment is :  1150
20.60100286146309
20.64954418766574
20.697971406732265
20.746285320224036
20.794486720357348
20.842576390155305
20.890555103596526
20.938423625760777
20.986182712971605
21.033833112936048
21.08137556488148
21.12881079968968
21.176139540028192
21.22336250047902
21.270480387664776
21.31749390037227
21.364403729673665
21.411210559045227
21.457915064483736
21.504517914620614
21.55101977083382
Current segment is :  1171
21.59742128735757
21.64372311138993
21.68992588319834
21.736030236223108
21.78203679717891
21.827946186154396
21.873759016709855
21.91947589597309
21.965097424733443
22.010624197534096
22.056056802762622
22.10139582273988
22.14664183380725
22.191795406412265
22.236857105192666
22.28182748905894
22.326707111275343
22.37149651953945
22.416196256060275
22.460806857635003
22.505328855724315
22.549762776526393
Current segment is :  1193
22.594109141049614
22.638368465183937
22.682541259771053
22.726628030673286
22.77062927884131
22.814545500380657
22.858377186617112
22.90212482416093
22.945788894969983
22.98936987641182
23.032868241324643
23.076284458077268
23.119618990628066
23.162872298582897
23.206044837252083
23.249137057706417
23.29214940683223
23.335082327385567
23.37793625804543
23.42071163346617
23.463408884328995
23.506028437392654
23.548570715543278
Current segment is :  1216
23.591036137843407
23.633425119580238
23.67573807231308
23.71797540392005
23.760137518644004
23.802224817137766
23.844237696508607
23.886176550362023
23.92804176884484
23.969833738687605
24.01155284324635
24.053199462543663
24.094773973309152
24.13627674901926
24.177708159936465
24.21906857314788
24.26035835260326
24.301577859152413
24.342727450582064
24.383807481652127
24.42481830413145
24.465760266833005
24.506633715648558
24.547438993582812
Current segment is :  1240
24.588176440787038
24.628846394592202
24.669449189541606
24.70998515742304
24.750454627300467
24.790857925545218
24.831195375866756
24.871467299342978
24.911674014450067
24.95181583709193
24.991893080629193
25.03190605590777
25.071855071287043
25.11174043266763
25.151562443518742
25.191321404905164
25.231017615513842
25.270651371680106
25.310222967413512
25.349732694423324
25.389180842143634
25.428567697758137
25.467893546224552
25.50715867029871
25.546363350558313
Current segment is :  1265
25.58550786542634
25.624592491194168
25.663617502044335
25.702583170073027
25.74148976531223
25.7803375557516
25.819126807360018
25.857857784106873
25.896530747983046
25.93514595902161
25.973703675318255
26.012204153051442
26.05064764650229
26.0890344080742
26.127364688312188
26.165638735922023
26.20385679778906
26.242019118996847
26.280125942845476
26.318177510869724
26.35617406285692
26.3941158368646
26.432003069237936
26.469835994626926
26.507614846003374
26.545339854677657
Current segment is :  1291
26.583011250315252
26.620629260953084
26.658194113015647
26.695706031330914
26.73316523914607
26.77057195814303
26.80792640845375
26.845228808675373
26.882479375885172
26.919678325655298
26.95682587206736
26.993922227726806
27.030967603777153
27.067962209914015
27.104906254398966
27.141799944073238
27.17864348437125
27.215437079333967
27.2521809316221
27.288875242529144
27.325520211994267
27.362116038615017
27.398662919659916
27.435161051080865
27.47161062752542
27.508011842348914
27.544364887626454
Current segment is :  1318
27.580669954164737
27.61692723151376
27.65313690797838
27.689299170629727
27.72541420531651
27.76148219667616
27.79750332814585
27.833477781973418
27.869405739228103
27.90528737981122
27.941122882466658
27.976912424791298
28.01265618324528
28.048354333162177
28.08400704875903
28.119614503146284
28.155176868337602
28.190694315259577
28.22616701376132
28.26159513262395
28.296978839569974
28.332318301272565
28.36761368336472
28.402865150448342
28.43807286610319
28.47323699289576
28.508357692388042
28.543435125146193
Current segment is :  1346
28.578469450749107
28.6134608277969
28.648409413919293
28.683315365783905
28.718178839104457
28.75299998864888
28.78777896824735
28.822515930800208
28.85721102828583
28.891864411768378
28.926476231405488
28.961046636455873
28.99557577528683
29.030063795381686
29.06451084334715
29.098917064920595
29.133282604977257
29.16760760753736
29.20189221577316
29.236136572015933
29.27034081776286
29.30450509368387
29.33862953962838
29.37271429463199
29.406759496923108
29.44076528392948
29.47473179228468
29.508659157834508
29.542547515643356
Current segment is :  1375
29.57639700000047
29.610207744426166
29.643979881677996
29.67771354375682
29.711408861912837
29.745065966651545
29.778684987739652
29.812266054210912
29.84580929437191
29.879314835807794
29.912782805387927
29.94621332927151
29.979606532913138
30.012962541068287
30.046281477798765
30.079563466478092
30.11280862979685
30.14601708976795
30.179188967731868
30.212324384361825
30.245423459668906
30.278486313007146
30.311513063078547
30.344503827938055
3.0344503827938056
3.363999353398263
3.6612645710594416
3.9343942454087157
4.188562978287217
4.427308343985149
Current segment is :  1405
4.653179216827918
4.8680860479217145
5.073505588611001
5.270607963395962
5.46033939607791
Current segment is :  1410
5.643478195237224
5.82067388296823
5.992475296362319
6.1593512450386605
6.321706006151772
6.47989115412083
Current segment is :  1416
6.634214733979738
6.784948474158226
6.932333528563384
7.076585099247294
7.217896195768462
7.356440720776491
7.492376023996667
Current segment is :  1423
7.6258450325991705
7.756978040905158
7.88589422382158
8.012702924473336
8.137504755943423
8.26039254894528
8.381452171000127
8.500763237817404
Current segment is :  1431
8.61839973374418
8.734430555114026
8.84891998790418
8.96192812916514
9.073511260115014
9.183722177513195
9.292610488883126
9.400222876295286
9.506603332712093
Current segment is :  1440
9.611793374307602
9.715832231683896
9.81875702249481
9.92060290764188
10.021403232915429
10.12118965770627
10.219992272203132
10.317839704311261
10.414759217373879
10.510776799646141
Current segment is :  1450
10.605917246357336
10.700204235098782
10.793660395189615
10.886307371598626
1.0886307371598627
2.007215860531363
2.5054183805808377
2.9045533145906086
3.2488403328307776
3.5566424706873585
3.8378065202767284
Current segment is :  1461
4.098372026827563
4.342371349840235
4.5726602679072705
4.791351345182001
Current segment is :  1465
5.000060731732324
5.200058302492537
5.392363838667135
5.577811265791633
5.757093057940632
Current segment is :  1470
5.930791830903964
6.0994033803414665
6.263353841992031
6.423012712499331
6.578702891666184
6.730708540267034
Current segment is :  1476
6.8792813085004845
7.0246453305770835
7.167001272114398
7.306529641376844
7.4433935219169305
7.577740845762636
7.709706298310302
Current segment is :  1483
7.83941292542516
7.96697349781914
8.092491676117804
8.21606301113087
8.33777580698519
8.457711869449502
8.575947157602572
8.692552353696103
Current segment is :  1491
8.807593363437597
8.921131756814297
1
2.0
2.5
2.9
3.2448275862068963
3.5530103704789475
3.8344618428159674
Current segment is :  1500
4.095254632258779
4.339439692724345
4.569884190357676
4.7887081163796905
Current segment is :  1504
4.997532704493449
5.197631445038131
5.390026771750771
5.575554607204394
5.754908962142979
Current segment is :  1509
5.92867365704575
6.097345447373015
6.261351244425376
6.4210611793839565
6.576798676981813
6.7288483365677
Current segment is :  1515
6.877462178042702
7.02286464978477
7.165256686349315
7.3048190277662135
7.441714958548197
7.576092585959378
7.70808674899974
Current segment is :  1522
7.837820628827931
7.965407115857494
8.090949977064074
8.214544858114477
8.336280148051104
8.456237728919326
8.574493628535313
8.691118591282043
Current segment is :  1530
8.806178579187753
8.919735213431279
9.031846164717614
9.142565499586983
9.25194398859482
9.36002938137635
9.466866652847923
9.572498224166102
9.676964161540262
Current segment is :  1539
9.780302355555111
9.882548683290779
9.983737155217133
10.083900048575902
10.183068028740603
10.281270259853821
10.378534505878438
10.474887223059616
10.570353644674025
10.664957858838974
Current segment is :  1549
10.758722880064184
10.851670715150911
10.943822423975233
11.035198175633012
11.125817300372258
11.215698337693134
11.304859080955927
11.39331661880216
11.481087373662929
11.568187137601138
11.654631105709987
Current segment is :  1560
11.740433907268422
11.825609634835093
11.910171871445227
11.994133716059537
12.077507807400627
12.160306346300121
12.242541116668736
12.324223505191693
12.405364519842939
12.485974807303695
12.566064669363568
12.645644078376003
Current segment is :  1572
12.724722691833897
12.803309866125856
12.881414669528743
12.959045894487716
13.036212069230979
13.112921468762785
13.189182125274927
13.265001838013873
13.340388182637986
13.415348520096641
13.48989000506082
13.56401959393255
13.637744052458643
Current segment is :  1585
13.711069962972392
13.78400373128519
13.856551593248572
13.928719621005726
14.000513728950287
14.071939679408962
14.14300308806351
14.213709429126533
14.284064040284603
14.354072127421412
14.423738769132767
14.49306892104456
14.562067419944125
14.630738987734725
Current segment is :  1599
14.699088235222384
14.767119665743616
14.834837678642216
14.90224657260266
14.96935054884732
15.036153714204216
15.102660084051667
15.168873585145821
15.234798058336715
15.300437261178185
15.365794870436668
15.430874484503622
15.495679625716082
15.560213742589564
15.624480211967354
Current segment is :  1614
15.688482341089964
15.75222336958836
1.575222336958836
2.210053355118866
2.662531118917567
3.038113583623761
3.36726520105843
3.6642421067341906
3.937149837957023
4.191140679341637
4.429739208121417
4.65548613204114
4.870286471175984
5.075613202143113
5.272633731520285
5.46229226858534
Current segment is :  1630
5.64536559216987
5.822502038636155
5.994249509631328
6.161076065381675
6.323385374565322
6.481528511629579
Current segment is :  1636
6.635813106413932
6.786510539262581
6.933861669746298
7.078081449088476
7.219362671576921
7.357879053907602
7.493787784218808
Current segment is :  1643
7.627231648496084
7.7583408170759025
7.887234355472543
8.01402150987048
8.138802807096642
8.261671000822634
8.382711889512153
8.502005026766593
Current segment is :  1651
8.619624340899168
8.7356386775397
8.850112276656285
8.963105193439688
1
2.0
2.5
2.9
3.2448275862068963
Current segment is :  1660
3.5530103704789475
3.8344618428159674
4.095254632258779
4.339439692724345
Current segment is :  1664
4.569884190357676
4.7887081163796905
4.997532704493449
5.197631445038131
5.390026771750771
Current segment is :  1669
5.575554607204394
5.754908962142979
5.92867365704575
6.097345447373015
6.261351244425376
6.4210611793839565
Current segment is :  1675
6.576798676981813
6.7288483365677
6.877462178042702
7.02286464978477
7.165256686349315
7.3048190277662135
7.441714958548197
Current segment is :  1682
7.576092585959378
7.70808674899974
7.837820628827931
7.965407115857494
8.090949977064074
8.214544858114477
8.336280148051104
8.456237728919326
Current segment is :  1690
8.574493628535313
8.691118591282043
8.806178579187753
8.919735213431279
9.031846164717614
9.142565499586983
9.25194398859482
9.36002938137635
9.466866652847923
Current segment is :  1699
9.572498224166102
9.676964161540262
9.780302355555111
9.882548683290779
9.983737155217133
10.083900048575902
10.183068028740603
10.281270259853821
10.378534505878438
10.474887223059616
Current segment is :  1709
10.570353644674025
10.664957858838974
10.758722880064184
10.851670715150911
10.943822423975233
11.035198175633012
11.125817300372258
11.215698337693134
11.304859080955927
11.39331661880216
11.481087373662929
Current segment is :  1720
11.568187137601138
11.654631105709987
11.740433907268422
11.825609634835093
11.910171871445227
11.994133716059537
12.077507807400627
12.160306346300121
12.242541116668736
12.324223505191693
12.405364519842939
12.485974807303695
Current segment is :  1732
12.566064669363568
12.645644078376003
12.724722691833897
12.803309866125856
12.881414669528743
12.959045894487716
13.036212069230979
13.112921468762785
13.189182125274927
13.265001838013873
13.340388182637986
13.415348520096641
13.48989000506082
Current segment is :  1745
13.56401959393255
13.637744052458643
1.3637744052458645
2.097033510383358
2.5738976115284036
2.962413454396835
3.2999760584674425
3.603008560001534
3.8805543896455177
4.138249527914498
4.379897595111634
4.608213435444544
4.825217273050762
5.032461826697099
Current segment is :  1759
5.231171729412113
5.422333490433554
5.606755935449942
5.78511219199346
5.95796968668198
6.125812098206048
Current segment is :  1765
6.289055760265622
6.448062141846466
6.603147495864726
6.754590425259573
6.902637891803271
7.047510042953989
7.189404129504427
Current segment is :  1772
7.328497715285219
7.464951329497894
7.5989106757629505
7.730508485326569
7.859866082164878
7.98709471297694
8.112296683898263
8.235566337236369
Current segment is :  1780
8.356990894947549
8.476651190449914
8.594622306346087
8.710974132448047
8.825771855962692
8.939076393664333
9.050944774239843
9.161430477660124
9.270583737343584
Current segment is :  1789
9.378451809984126
9.485079217178928
9.590507962380006
9.69477772618424
9.797926042550394
9.899988458173578
10.000998676945539
10.10098869117334
10.199988901011595
10.298028223377997
Current segment is :  1799
10.395134191463214
10.491333045810013
10.586649817819207
10.6811084064387
10.774731648704192
10.867541384723953
10.95955851763367
11.05080306898955
11.14129423001713
11.231050409088837
11.320089275764277
Current segment is :  1810
11.408427801692774
11.496082298647352
11.583068453932414
11.66940136338358
11.755095562156948
11.840165053486247
11.924623335569533
12.00848342673209
12.091757888998815
12.174458850197336
12.256598024702312
12.338186732921718
Current segment is :  1822
12.419235919617178
12.499756171142508
12.579757731677637
12.65925051852852
12.73824413655799
12.816747891807118
12.894770804361967
12.972321620516196
13.049408824276119
13.12604064825114
13.20222508396925
13.2779698916543
13.353282609498956
Current segment is :  1835
13.428170562464818
13.502640870638833
13.576700457173086
13.650356055833043
13.723614218177657
13.796481320393008
13.868963569799737
13.941067011053093
14.012797532053183
14.084160869581794
14.155162614681124
14.225808217788703
14.296102993641899
14.366052125964515
Current segment is :  1849
14.435660671947211
14.504933566532722
14.573875626516182
14.64249155447021
14.710785942503831
14.778763275863751
14.846427936386
14.913784205805472
14.980836268930451
15.047588216688798
15.114044049052081
15.18020767784359
15.246082929435804
15.311673547342604
15.3769831947112
Current segment is :  1864
15.44201545671848
15.506773842876221
15.571261789249373
15.635482660591375
15.69943975240028
15.763136292899256
15.826575444944808
15.889760307865954
15.952693919237358
16.01537925658932
16.07781923905733
16.140016728973794
16.20197453340437
16.26369540563129
16.325182046585827
16.38643710623211
Current segment is :  1880
16.447463184904187
16.508262834598362
16.568838560222513
16.629192820804224
16.689328030659325
16.74924656052242
16.808950738640913
16.868442851833986
16.92772514651783
16.986799829698498
17.045669069933595
17.10433499826397
17.162799709116598
17.221065261179692
17.279133678251092
17.337006950060932
17.39468703306952
Current segment is :  1897
17.45217585124135
17.509475296796094
17.566587230937433
17.623513484560494
17.680255858938683
17.736816126390604
17.793196030927817
17.84939728888405
17.905421589526558
17.96127059565021
18.016945944154905
18.07244924660692
18.12778208978465
18.182946036209376
18.237942624661468
18.292773370682557
18.34743976706413
18.401943284322986
Current segment is :  1915
18.456285371163993
18.510467454930556
18.564490942043175
18.61835721842651
18.672067649925285
18.72562358270941
18.779026343668644
18.83227724079714
18.885377563568177
18.938328583299395
18.991131553508808
19.043787710261892
19.09629827251003
19.148664442420536
19.200887405698573
19.25296833190114
19.30490837474342
19.356708672397684
19.408370347784988
Current segment is :  1934
19.459894508859858
19.511282248888186
19.56253464671852
19.61365276704695
19.664637660675744
19.715490364765976
19.766211903084248
19.816803286243708
19.86726551193952
19.91759956517896
19.967806418506218
20.017887032222163
20.06784235459911
20.11767332209078
20.167380859537566
20.216965880367233
20.266429286791197
20.31577196999646
20.36499481033336
20.41409867749922
Current segment is :  1954
20.46308443071801
2.046308443071801
2.534993325053159
2.929471681314326
3.270830161199458
3.576562941782992
3.856160985009789
4.115486257965804
4.358470910888514
4.587909175005811
4.805873385249519
5.0139521088940615
5.213395577495634
5.405209144130907
5.590215861416921
5.769099830263615
5.942437097674761
6.110718222668291
6.274365107299692
6.433743782735169
6.589174280711088
Current segment is :  1975
6.74093836485853
6.8892856639842925
7.034438594022857
7.1765963492770855
7.3159381697350145
7.452626038986952
7.58680692969161
Current segment is :  1982
7.718614686138715
7.848171613212148
7.97558982592255
8.100972402236813
8.224414373193767
8.346003577558195
8.465821403024856
8.583943431874024
Current segment is :  1990
8.700440005731535
8.815376721500074
8.92881486845539
9.040811814828745
9.151421350839637
9.260693994034922
9.36867726188117
9.475415915807135
9.58095218027145
Current segment is :  1999
9.685325939912913
