1.0
Current segment is :  0
2.0
Current segment is :  1
3.0
4.0
Current segment is :  3
5.0
6.0
7.0
8.0
Current segment is :  7
9.0
10.0
11.0
12.0
13.0
14.0
15.0
16.0
Current segment is :  15
17.0
18.0
19.0
20.0
21.0
22.0
23.0
24.0
25.0
26.0
27.0
28.0
29.0
30.0
31.0
32.0
Current segment is :  31
33.0
9.9
9.95050505050505
10.000753756220206
10.050749987723158
10.100497519062685
10.150000031097994
10.199261114690907
10.248284273758754
10.297072928195309
10.345630416666708
10.393959999288807
10.442064860192083
10.489948109979789
10.537612788084756
3.1612838364254268
3.3194474262425837
3.4700749059993488
3.614164014604918
3.7525085938712404
3.885752792383303
4.0144279878255045
4.1389787336643495
4.2597814804707665
4.37715839341625
4.491387752982506
4.602711919921327
4.711343528568376
4.817470368389784
4.9212592787027125
5.022859290342783
5.122404185211992
Current segment is :  63
5.220014600540689
5.315799773238905
5.409858996935991
5.502282847591468
5.593154221137608
5.682549217275995
Current segment is :  69
5.770537896455386
5.857184931614298
5.94255017205621
6.026689133532911
6.109653426019472
6.191491128608399
Current segment is :  75
6.272247119308232
6.351963366211327
6.430679185427115
6.508431470307548
6.585254895779734
6.661182101015242
6.736243853181391
Current segment is :  82
6.810469194617608
6.883885575444226
6.956518973329799
7.028394001906149
7.0995340091203705
7.16996116664334
7.239696551309876
Current segment is :  89
7.308760219442422
7.377171274804441
7.444947930838939
7.512107567769221
7.578666785071334
7.644641449768945
7.710046740950405
7.77489719086329
Current segment is :  97
7.839206722902836
7.902988686776708
7.966255891098612
8.029020633637035
8.091294729422177
8.1530895368937
8.214415982253762
8.27528458217373
Current segment is :  105
8.335705464988695
8.395688390501128
8.455242768503735
8.514377676121354
8.573101874062708
8.63142382186467
8.689351692204374
8.74689338434794
8.804056536798697
Current segment is :  114
8.860848539202376
8.917276543561991
8.973347474810724
9.029068040787196
9.084444741653924
9.139483878796495
9.194191563238064
9.248573723601048
9.30263611364548
Current segment is :  123
9.356384319411218
9.409823765989174
9.462959723944858
9.515797315415822
9.568341519903028
9.620597179774695
9.672569005499936
9.724261580628188
9.775679366529387
9.826826706908811
Current segment is :  133
9.87770783210953
9.928326863214565
9.978687815960042
10.028794604469878
10.078651044821857
10.128260858454297
10.177627675421954
10.226755037509237
10.275646401208292
10.324305140569079
Current segment is :  143
10.372734549928094
10.420937846521996
10.468918172992025
10.51667859978473
10.564222127454219
10.611551688870824
10.658670151340774
10.705580318641251
10.752284932974897
10.798786676847644
10.845088174873528
Current segment is :  154
10.8911919955099
10.937100652726311
10.982816607610147
11.028342269911887
11.073679999532786
11.118832107957546
11.163800859634456
11.20858847330534
11.253197123287523
11.297628940709906
11.341886014705167
Current segment is :  165
11.385970393559948
11.429884085824844
11.47362906138589
11.517207252499173
11.5606205547901
11.60387082821879
11.646959898012991
11.689889555569836
11.732661559327713
11.77527763560944
11.817739479437899
11.860048755325218
Current segment is :  177
11.902207098036541
11.944216113329384
11.986077378669519
12.027792443924294
12.069362832034257
12.110790039663884
12.15207553783225
12.193220772524331
12.234227165283714
12.27509611378737
12.315828992403155
12.356427152730683
Current segment is :  189
12.396891924126152
12.437224614211715
12.477426509369954
12.517498875223964
12.557442957103584
12.597259980498237
12.636951151496854
12.676517657215346
12.715960666212016
12.755281328891366
12.794480777896656
12.833560128491623
12.872520478931714
Current segment is :  202
12.911362910825169
12.950088489484319
12.988698264267404
13.027193268911212
13.06557452185487
13.103843026555039
13.14199977179281
13.180045731972566
13.217981867413059
13.255809124630945
13.293528436617034
13.331140723105454
13.368646890835977
Current segment is :  215
13.406047833809701
13.443344433538297
13.48053755928702
13.51762806831168
13.554616806089731
13.591504606545689
13.62829229227102
13.664980674738688
13.70157055451249
13.738062721451362
13.774457954908788
13.810757023927458
13.846960687429302
13.883069694401057
Current segment is :  229
13.919084784075471
13.955006686108286
13.990836120751103
14.026573799020268
14.06222042286186
14.097776685312924
14.133243270659031
14.168620854588264
14.203910104341748
14.239111678860807
14.274226228930829
14.309254397321954
14.344196818926646
14.379054120894246
Current segment is :  243
14.413826922762587
14.448515836586742
14.483121467064986
14.517644411662047
14.552085260729706
14.586444597624832
14.620722998824903
14.654921034041095
14.689039266328978
14.723078252196904
14.757038541712134
14.790920678604756
14.824725200369466
14.85845263836525
14.892103517913029
Current segment is :  258
14.92567835839131
14.959177673329911
14.992601970501768
15.025951752012928
15.05922751439071
15.092429748670137
15.125558940478637
15.158615570119073
15.19160011265115
15.224513037971217
15.257354810890519
15.290125891211932
4.587037767363579
4.696040576007856
4.802513250574278
Current segment is :  273
4.90662540475526
5.008528435607264
5.108358157336572
5.2062369639120085
5.302275619752272
Current segment is :  278
5.39657475390844
5.489226115707492
5.580313636873589
5.6699143354250285
5.758099089271494
5.844933301786454
Current segment is :  284
5.930477477260138
6.014787720729943
6.097916174004654
6.1799113975748785
6.260818706407204
6.340680466257926
Current segment is :  290
6.419536356041485
6.497423600893591
6.57437717983698
6.650430011355904
1.995129003406771
2.2457393645143626
2.4683831885932643
Current segment is :  297
2.6709449311584255
2.8581445975263664
3.0330832624325206
Current segment is :  300
3.1979320175567048
3.354283058559137
3.5033462089465646
3.646066902300576
Current segment is :  304
3.78320097399973
3.9153641880177745
4.04306622951117
4.166734745339675
Current segment is :  308
4.286732784705928
4.403371732154176
4.5169210826096275
4.627615954371949
4.735662949829216
Current segment is :  313
4.841244788168879
4.944524011153412
5.045645979389818
5.144741318627325
5.241927934830879
Current segment is :  318
5.33731268758142
5.430992790147525
5.52305698896345
5.61358656361733
5.702656179687846
5.790334620092676
Current segment is :  324
5.876685415479351
5.961767390206632
6.04563513734842
6.128339433694576
6.20992760377062
6.290443840336148
Current segment is :  330
6.369929487564068
6.448423292083591
6.52596162623945
6.602578687239259
6.6783066753004
6.753175953443801
6.82721519119608
Current segment is :  337
6.900451494139155
6.972910520975974
7.044616589553205
7.11559277308908
7.1858609876910995
7.255442072109023
7.324355860549575
Current segment is :  344
7.392621249277218
7.4602562576375995
7.527278084064555
7.5937031575660265
7.659547185127444
7.724825195421689
7.7895515791716194
7.853740126473488
Current segment is :  352
7.917404061356511
7.980556073824893
8.04320834960301
8.105372597781994
8.167060076545996
8.228281617138784
8.289047646215687
8.349368206711954
Current segment is :  360
8.409252977346222
8.468711290866693
8.527752151137753
8.586384249155902
8.644615978075924
8.702455447321068
8.759910495844633
8.81698870460455
8.87369740830731
Current segment is :  369
8.930043706472933
8.986034473868346
9.04167637035272
9.09697585017479
9.151939170759002
9.206572401014459
9.260881429197944
9.314871970359997
9.368549573400704
Current segment is :  378
9.421919627759983
9.474987369765216
9.527757888657463
9.580236132315946
9.632426912699053
9.684334911018855
9.735964682664928
9.78732066189216
9.838407166286238
9.889228401019578
Current segment is :  388
9.939788462909588
9.99009134429039
10.040140936708358
10.089941034451202
10.139495337919657
10.18880745685028
10.237880913397332
10.286719145081166
10.335325507610184
10.383703277582871
Current segment is :  398
10.431855655076115
10.4797857661256
10.527496665103724
10.574991337000167
10.622272699609947
10.669343605633511
10.716206844693128
10.76286514526966
10.809321176563499
10.855577550283256
10.901636822365647
Current segment is :  409
10.947501494629744
10.993174016368634
11.038656785881379
11.083952151947974
11.129062415249871
11.173989829738522
11.218736603954236
11.263304902297541
11.307696846255128
11.351914515582335
11.395959949444057
Current segment is :  420
11.439835147515844
11.483542071046868
11.527082643886379
11.570458753475148
11.613672251803365
11.656724956336365
11.699618650909489
11.742355086593324
11.784935982530534
11.827363026745385
11.869637876927065
11.911762161187829
Current segment is :  432
11.953737478796935
11.995565400891332
12.03724747116397
12.078785206530613
12.12018009777594
12.161433610179749
12.202547184123981
12.243522235681292
12.284360157185844
12.325062317786982
12.3656300639864
12.406064720159415
Current segment is :  444
12.446367589060907
12.486539952316468
12.52658307089931
12.566498185593401
12.606286517443337
3.781885955233001
3.914095124393205
4.041838570607358
4.1655446492310935
4.2855769720372585
4.402247376807123
4.515825728317811
4.626547450120449
Current segment is :  457
4.7346193991041305
4.840224508586554
4.943525501983245
5.044667895159817
5.143782447473505
Current segment is :  462
5.240987180586894
5.336389054846776
5.430085371749659
5.522164955360126
5.612709153884054
5.70179269380951
Current segment is :  468
5.789484412335659
5.875847888664337
5.960941990736754
6.044821350874296
6.127536781319181
6.209135638713939
Current segment is :  474
6.289662144993252
6.369157670901271
6.447660987326353
6.525208488812987
6.601834392928881
6.677570918603554
6.752448446089936
Current segment is :  481
6.826495660813882
6.8997396830536015
6.972206185120056
7.043919497481227
7.114902705080176
7.185177734933078
7.254765435953901
Current segment is :  488
7.3236856518332525
2.1971056955499755
2.424677815094657
2.630890779508851
2.8209404782247147
2.9981863307549537
3.164953817775715
3.322934006046327
Current segment is :  496
3.4734034403144203
3.6173544694971227
3.7555770308236904
3.888712364194908
Current segment is :  500
4.017289629153798
4.14175165359223
4.26247352245811
4.379776303898417
Current segment is :  504
4.493937385494058
4.605198392737716
4.713771348202238
4.819843527581641
4.9235813350724325
Current segment is :  509
5.025133430178148
5.124633275694145
5.222201232872949
5.317946298546132
5.411967556364529
Current segment is :  514
5.5043553977166075
5.595192555543919
5.684554984993212
5.772512617792958
5.8591300118301435
1.757739003549043
Current segment is :  520
2.0421953414868437
2.287029902531317
Current segment is :  522
2.505654066319728
2.7052027616966576
2.890031790810323
Current segment is :  525
3.0630402682913984
3.2262767771861727
3.381254181336873
Current segment is :  528
3.5291283053112825
3.6708063506369535
3.8070162054317294
3.938352657135459
Current segment is :  532
4.0653092919340486
4.188301163915855
4.307681308855701
4.423753033793222
Current segment is :  536
4.536779234890001
4.646989578861504
4.75458611883965
4.859747743322335
4.962633742021967
Current segment is :  541
5.063386694182462
5.162134830597655
5.258993982171212
5.354069200301348
5.447456114309082
Current segment is :  546
5.5392420763265875
5.6295071330095015
5.718324855091808
5.80576304943552
5.891884373323965
5.976746866937009
Current segment is :  552
6.060404416960746
6.142907161926196
6.224301847995848
6.30463214241449
6.3839389106296
6.462260462104266
Current segment is :  558
6.539632769044241
6.616089661603526
6.691663002590991
6.766382844251637
6.840277569322473
6.913374018250572
6.985697604198627
Current segment is :  565
7.057272417242278
7.128121318976382
7.198266028588564
7.267727201322971
7.336524500141366
7.404676661289382
7.472201554390242
Current segment is :  572
7.539116237614523
7.605437008410624
7.671179450225219
7.736358475594691
7.800988365946504
7.86508280841262
7.9286549299248295
7.991717328833485
Current segment is :  580
8.054282104266175
8.116360883420827
8.177964846968251
8.239104752721865
8.299790957716992
8.360033438828532
8.419841812043611
8.479225350494987
Current segment is :  588
8.538193001351301
8.59675340165156
8.654914893163454
8.712685536338114
8.770073123427611
8.827085190825812
8.88372903068811
8.940011701880893
8.995940040307431
Current segment is :  597
9.051520668653072
9.106760005589194
9.161664274472214
9.21623951157113
9.270491573854477
9.32442614636519
9.378048749209752
9.431364744186013
9.48437934107224
Current segment is :  606
9.537097603598363
9.589524455118825
9.641664684005056
9.693522948774362
9.74510378297079
9.796411599812489
9.847450696619076
9.898225259031626
9.94873936503702
9.998996988807642
Current segment is :  616
10.04900200436667
10.098758189088569
10.148269227043734
10.197538712195701
10.246570151458789
10.295366967623544
10.34393250215693
10.392270017883734
10.440382701555306
10.48827366631137
Current segment is :  626
10.535945954040285
10.583402537642849
10.630646323204402
10.677680152079756
10.724506802895158
10.771128993471327
10.817549382671295
10.863770572176652
10.909795108195532
10.955625483105543
11.001264137034617
Current segment is :  637
11.046713459382655
11.091975790286632
11.137053422031723
11.181948600410852
11.226663526034963
11.271200355596166
11.315561203085826
11.35974814096953
11.4037632013208
11.4476083769153
11.491285622287204
11.534796854749327
Current segment is :  649
11.57814395537851
11.621328769967702
11.664353109946115
11.70721875326873
11.74992744527642
11.792480899527833
11.834880798604203
11.877128794888117
11.919226511317293
11.96117554211432
12.00297745349331
12.044633784344326
Current segment is :  661
12.08614604689646
12.127515727360349
12.168744286550915
12.209833160491064
12.250783760997049
12.291597476246178
12.332275671327514
12.372819688776175
12.413230849091844
12.453510451242044
12.493659773150721
12.533680072172672
12.573572585554285
Current segment is :  674
12.613338530881109
12.65297910651268
12.692495492005062
12.731888848521512
12.771160319231694
12.810311029699799
12.849342088261983
12.888254586393444
12.927049599065514
12.965728185093075
13.004291387472627
13.042740233711312
13.081075736147193
Current segment is :  687
13.119298892261055
13.15741068498002
13.195412082973228
13.233304040939828
13.271087499889546
13.308763387416032
13.346332617963235
13.38379609308501
13.421154701698178
13.458409320329222
13.495560813354832
13.53261003323647
13.56955782074915
13.606405005204596
Current segment is :  701
13.643152404668948
13.679800826175175
13.716351065930368
13.752803909518043
13.789160132095605
13.825420498587121
13.861585763871537
13.897656672966454
13.933633961207613
13.969518354424203
14.00531056911009
14.041011312591124
14.076621283188585
14.112141170378925
Current segment is :  715
14.147571654949862
14.182913409152963
14.218167096852792
14.253333373672726
14.288412887137524
14.32340627681274
14.358314174441073
14.39313720407571
14.42787598221078
14.46253111790896
14.497103212926328
14.531592861834545
14.566000652140396
14.600327164402808
14.634572972347376
Current segment is :  730
14.668738642978475
14.702824736689017
14.736831807367913
14.770760402505303
14.804611063295603
14.838384324738426
14.872080715737438
14.905700759197188
14.939244972117972
14.972713865688778
15.006107945378352
15.039427711024446
15.072673656921276
15.105846271905241
15.138946039438949
Current segment is :  745
15.171973437693586
15.204928939629662
15.237813013076188
15.270626120808311
15.303368720623434
15.336041265415886
15.368644203250147
15.401177977432665
15.433643026582324
15.466039784699563
15.498368681234192
15.530630141151931
15.562824584999714
15.594952428969755
15.627014084962445
15.659009960648072
Current segment is :  761
15.69094045952741
15.722805980991192
15.754606920378505
15.786343669034116
15.818016614364755
15.849626139894392
15.881172625318516
15.912656446557438
15.94407797580865
15.97543758159825
16.006735628831457
16.037972478842235
16.069148489442053
16.100264014967784
16.131319406328767
16.162315011053067
Current segment is :  777
16.193251173332918
16.224128234069394
16.25494653091631
16.28570639832338
16.316408167578626
16.347052166850077
16.37763872122677
16.408168152759043
16.43864078049817
16.469056920535316
16.49941688603987
16.529720987297114
16.559969531745278
16.590162824012
16.62030116595017
16.650384856673195
16.680414192589694
Current segment is :  794
16.71038946743761
16.74031097231781
16.770178995727104
16.799993823590743
16.82975573929442
16.85946502371574
16.889121955255185
16.918726809866612
16.94827986108725
16.97778138006724
17.007231635598686
17.03663089414429
17.065979419865528
17.09527747465036
17.124525318140552
17.15372320775857
17.182871398734036
Current segment is :  811
17.211970144129804
17.24101969486764
17.270020299753487
17.298972205502384
17.327875656762973
17.35673089614166
17.385538164226407
17.41429769961018
17.44300973891402
17.471674516809806
17.500292266042653
17.528863217453
17.557387599998364
17.585865640774774
17.614297565037898
17.64268359622386
17.67102395596976
17.699318864133872
Current segment is :  829
17.727568538815603
17.755773196375113
17.783933051452674
17.812048316987774
17.8401192042379
17.868145922797115
17.896128680614314
17.924067684011266
17.951963137700385
17.979815244802253
18.007624206862893
18.035390223870813
18.063113494273814
18.09079421499555
18.118432581451874
18.14602878756696
18.173583025789185
18.201095487106826
Current segment is :  847
18.228566361063518
18.255995835773497
18.283384097936672
18.310731332853454
18.338037724439403
18.365303455239687
18.39252870644333
18.419713657897276
18.44685848812028
18.473963374316593
18.501028492389477
18.52805401695454
18.5550401213529
18.581986977664172
18.608894756719287
18.63576362811314
18.662593760217074
18.68938532019122
18.71613847399665
Current segment is :  866
18.742853386407386
18.769530221022258
18.796169140276614
18.82277030545386
18.849333876696885
18.875860013019302
18.90234887231658
18.928800611377024
18.95521538589261
18.98159335046969
19.007934658639567
19.03423946286893
19.060507914570156
19.08674016411151
19.112936360827185
19.139096653027224
19.165221188007347
19.19131011205863
19.217363570477076
Current segment is :  885
19.243381707573057
19.269364666680666
19.295312590166933
19.321225619440934
19.3471038949628
19.3729475562526
19.398756741899142
19.424531589568634
19.450272236013284
19.475978817079753
19.501651467717547
19.527290321987284
19.552895513068865
19.578467173269566
19.604005434032015
19.629510425942087
19.654982278736703
19.68042112131154
19.705827081728646
19.73120028722397
Current segment is :  905
19.756540864214806
19.781848938307153
19.80712463430298
19.83236807620742
19.857579387235873
19.88275868982103
19.907906105619826
19.933021755520286
19.958105759648337
19.9831582373745
20.008179307320532
20.033169087365987
20.058127694654704
20.08305524560121
20.10795185589707
20.132817640517167
20.157652713725884
20.18245718908325
20.207231179451007
20.231974796998593
Current segment is :  925
20.256688153209087
20.281371358885075
20.30602452415444
20.33064775847612
20.35524117064576
20.37980486880135
20.404338960428767
20.42884355236726
20.453318750814898
20.477764661333946
20.50218138885617
20.526569037688102
20.55092771151625
20.57525751341224
20.599558545837912
20.623830910650362
20.648074709106922
20.672290041870102
20.69647700901246
20.720635710021444
6.216190713006433
Current segment is :  946
6.296625825615482
6.37603343436459
6.454452094672294
6.531918003887534
6.608465198708783
6.6841257318228395
6.7589298303782455
Current segment is :  953
6.8329060385277565
6.9060813459563555
6.978481304044419
7.0501301310908175
7.12105080783053
7.19126516431991
7.260793959125141
Current segment is :  960
7.329656951631851
7.397872968192991
7.465459962745309
7.532435072449887
7.5988146688474405
7.664614404962841
7.729849258744429
7.794533573181011
Current segment is :  968
7.8586810934021525
7.922305001034666
7.985417946059466
8.048032076387702
8.11015906535274
8.171810137294848
8.232996091397977
8.293727323922479
Current segment is :  976
8.354013848963856
8.413865317855306
8.47329103732088
8.532299986476259
8.59090083276536
8.649101946913136
8.706911416967822
8.764337061499546
8.821386442016463
Current segment is :  985
8.878066874654408
8.93438544119139
8.990348999433996
9.04596419301897
9.101237460669736
9.15617504494448
9.210783000509513
9.26506720196908
9.319033351280305
Current segment is :  994
9.37268698477989
9.426033479847092
9.479078061225781
9.531825807026637
9.584281654429073
9.63645040510106
9.688336730353699
9.739945176046291
9.791280167256474
9.842346012729069
Current segment is :  1004
9.893146909116307
9.94368694502129
9.993970104855714
10.044000272522222
10.093781234930981
10.143316685359576
10.192610226664629
10.241665374353094
10.290485559520643
10.339074131664104
Current segment is :  1014
10.387434361374492
10.435569442916787
10.48348249670221
10.531176571658436
10.57865464750284
10.62591963692359
10.672974387673124
10.719821684578237
10.766464251470866
10.812904753043302
10.859145796631452
Current segment is :  1025
10.905189933929535
10.95103966263938
10.996697428057379
11.042165624601942
11.08744659728415
11.132542643124179
11.177456012515925
11.222188910542107
11.266743498242043
11.31112189383417
11.355326173895245
Current segment is :  1036
11.399358374498117
11.443220492309814
11.486914485651637
11.530442275522846
11.57380574658947
11.617006748139659
11.660047095006984
11.702928568462962
11.74565291708006
11.788221857566366
11.830637075573064
11.872900226475762
Current segment is :  1048
11.915012936130733
11.95697680160702
11.998793391895362
12.040464248594814
12.081990886577927
12.123374794635287
12.164617436100208
12.205720249454304
12.246684648914659
12.28751202500328
12.32820374509947
12.368761153975743
Current segment is :  1060
12.409185574317895
12.44947830722978
12.489640632723342
12.529673810194435
12.569579078884924
12.609357658331545
12.649010748801988
12.688539531718657
12.727945170070502
12.767228808813364
12.806391575259191
12.84543457945453
12.884358914548628
Current segment is :  1073
12.923165657151507
12.961855867682338
13.000430590708433
13.03889085527516
13.077237675227082
13.115472049520605
13.153594962528397
13.191607384335848
13.229510271029831
13.267304564979995
13.304991195112825
13.342571077178711
13.380045114012226
Current segment is :  1086
13.417414195785828
13.454679200257184
13.491840993010328
13.528900427690816
13.565858346235077
13.602715579094122
13.639472945451796
13.676131253437717
13.712691300335067
13.749153872783392
13.785519746976549
13.821789688855937
13.857964454299164
13.894044789304273
Current segment is :  1100
13.930031430169638
13.965925103669692
14.001726527226563
14.037436409077758
14.073055448440007
14.108584335669356
14.144023752417633
14.179374371785373
14.21463685847131
14.249811868918519
14.284900051457306
14.319902046444943
14.354818486402305
14.389649996147526
Current segment is :  1114
14.42439719292673
14.459060686541921
14.493641079476117
14.52813896701578
14.562554937370633
14.596889571790923
14.631143444682191
14.665317123717628
14.699411169948062
14.733426137909651
14.76736257572933
14.801221025228076
14.83500202202204
14.86870609562161
14.902333769528436
Current segment is :  1129
14.935885561330494
14.969361982795219
15.002763539960759
15.0360907332254
15.069344057435206
15.102524001969906
15.135631050827088
15.168665682704738
15.20162837108214
15.234519584299216
15.2673397856343
15.30008943338043
15.332768980920141
15.365378876798843
15.39791956479678
Current segment is :  1144
15.430391483999626
15.46279506886774
15.49513074930411
15.527398950721027
15.559600094105495
15.591734596083436
15.623802868982693
15.655805320894874
15.687742355736045
15.719614373306323
15.751421769348369
15.783164935604825
15.814844259874704
15.846460126068758
15.878012914263861
15.90950300075641
Current segment is :  1160
15.94093075811478
15.972296555230828
16.003600757370517
16.03484372622362
16.06602581995256
16.0971473932404
16.128208797337997
16.15921038011032
16.190152486081995
16.22103545648205
16.251859629287875
16.28262533926847
16.313332918026926
16.343982694042193
16.374574992710148
16.40511013638396
Current segment is :  1176
16.435588444413792
16.466010233185823
16.49637581616064
16.526685503910976
16.556939604158824
16.58713842181196
16.617282258999847
16.647371415108946
16.677406186817482
16.707386868129618
16.737313750409083
16.767187122412267
16.797007270320776
16.82677447777347
16.856489025897975
16.88615119334173
16.915761256302503
Current segment is :  1193
16.945319488558454
16.974826161497703
17.004281544147457
17.033685903202667
17.06303950305424
17.092342605816825
17.121595471356148
17.150798357315956
17.179951519144527
17.20905521012077
17.238109681379946
17.267115181938983
17.29607195872142
17.324980256581956
17.353840318330658
17.382652384756778
17.411416694652225
Current segment is :  1210
17.4401334848347
17.46880299017047
17.497425443596807
17.52600107614411
17.55453011695768
17.583012793319206
17.611449330667913
17.6398399526214
17.6681848809962
17.69648433582802
17.7247385353917
17.75294769622088
17.78111203312739
17.80923175922036
17.83730708592507
17.8653382230015
17.89332537856267
17.92126875909265
Current segment is :  1228
17.94916856946441
17.97702501295732
18.004838291274485
18.032608604559794
18.06033615141475
18.088021128915063
18.115663732627013
18.143264156623594
18.170822593500425
18.198339234391458
18.225814268984454
18.253247885536272
18.280640270887933
18.30799161047948
18.335302088364656
18.362571887225364
18.389801188385942
18.41699017182725
Current segment is :  1246
18.444139016200577
18.471247898841334
18.498316995782606
18.525346481768494
18.552336530267294
18.579287313484507
18.606199002375668
18.63307176665902
18.659905774828015
18.686701194163653
18.713458190746664
18.740176929469538
18.76685757404839
18.793500287034682
18.82010522982679
18.846672562681423
18.873202444724903
18.899695033964296
18.926150487298408
Current segment is :  1265
18.952568960528637
18.978950608369693
19.00529558446018
19.03160404137304
19.057876130625896
19.084112002691224
19.110311807006433
19.136475691983794
19.162603805020275
19.18869629250723
19.214753299839995
19.240774971427324
19.26676145070077
19.292712880123894
19.3186294012014
19.344511154488146
19.37035827959805
19.39617091521288
19.421949199090957
Current segment is :  1284
19.44769326807572
19.473403258104245
19.499079304215595
19.524721540559128
19.550330100402675
19.57590511614063
5.8727715348421885
5.957910212046569
6.041832255549176
6.124588608068028
6.206226744438745
6.2867909939560604
6.366322825136815
6.444861098129476
6.522442289157024
6.599100690693395
6.67486859050816
2.0024605771524477
2.252153382945915
2.474163128723522
Current segment is :  1304
2.6762516629011213
2.863080131587802
3.037717227659127
Current segment is :  1307
3.2023145099365498
1
1.5
1.8333333333333333
Current segment is :  1311
2.106060606060606
2.343470678003052
Current segment is :  1313
2.5568294388756505
2.7523841334507693
2.934044823150041
Current segment is :  1316
3.104458034309914
3.2655167422950404
3.4186318660131305
Current segment is :  1319
3.5648892050881065
3.7051460184797707
3.8400934665712096
3.970298630677917
Current segment is :  1323
4.096233741990848
4.218297088834183
4.33682833247833
4.452119960753196
Current segment is :  1327
4.564426009199251
4.673968808007314
4.780944275867394
4.885526126470387
4.987869249208169
Current segment is :  1332
5.088112454276019
5.186380722615844
5.282787065833126
5.377434075786224
5.470415224965053
Current segment is :  1337
5.561815965025547
5.651714660549483
5.7401833873042385
5.827288618315824
5.913091816466752
5.997649948746654
Current segment is :  1343
6.0810159344698596
6.163239037548045
6.2443652111320755
6.324437401513995
6.403495817030971
6.481578166779711
Current segment is :  1349
6.558719873187368
6.634954261858859
6.710312731603595
6.784824907115944
6.858518776426498
6.931420814942243
7.003556097642456
Current segment is :  1356
7.074948400785185
7.145620294299562
7.215593225886604
7.284887597720953
7.353522836534579
7.421517457767799
7.488889124390596
7.555654700926046
Current segment is :  1364
7.621830303146025
7.687431343855842
7.752472575137813
7.816968127383106
7.880931545405559
7.94437582189994
8.007313428479637
8.069756344504587
Current segment is :  1372
8.131716083888849
8.193203720058369
8.25422990921267
8.31480491202934
8.374938613936962
8.43464054407027
8.493919893010814
8.552785529406965
8.611246015558622
Current segment is :  1381
8.669309622044445
8.72698434146254
8.784277901349483
8.841197776336953
8.897751199600284
8.953945173648744
9.009786480503234
9.0652816913034
9.120437175382804
Current segment is :  1390
9.175259108847744
9.229753482692495
9.283926110481264
9.337782635624816
9.391328538277596
9.44456914187932
9.497509619363136
9.550154999050946
9.602510170254941
9.654579888603047
Current segment is :  1400
9.706368781104754
9.757881350972626
9.809121982213767
9.860094944004498
9.910804394860651
9.961254386615032
10.011448868212836
10.061391689335116
10.111086603859713
10.160537273168503
Current segment is :  1410
10.209747269309197
10.25872007801946
10.307459101620593
10.355967661787608
10.404249002202077
10.452306291093777
10.500142623676762
3.1500427871030285
3.3087707897978205
3.459884309519914
3.6043978120738127
Current segment is :  1421
3.743117239303828
3.87669574300386
4.005671559819594
4.130494574520909
Current segment is :  1425
4.251545453774997
4.369149747422156
1.310744924226647
1.6922073970224163
1.9876794537453646
Current segment is :  1430
2.239229068074705
2.4625202030142406
Current segment is :  1432
2.665564222465523
2.853141770132907
3.02838718037998
Current segment is :  1435
3.1934915644030504
3.3500600067854758
3.4993110646731735
3.64219633287573
Current segment is :  1439
3.779476137230818
3.911769603797416
4.03958899262712
4.1633639610490505
Current segment is :  1443
4.283459154425806
4.400187243097641
4.513818771115983
4.624589722577196
4.73270742165848
Current segment is :  1448
4.838355194793965
4.941696098855328
5.042875934684532
5.142025706853432
5.2392636493502165
Current segment is :  1453
5.334696907430674
5.428422944481355
5.520530727001932
5.611101729089541
5.70021078897485
5.787926843434991
Current segment is :  1459
5.874313560738982
5.959429888771206
6.043330531841461
6.126066367216602
6.207684810444009
6.288230136965547
Current segment is :  1465
6.367743766255407
6.446264513690259
6.523828814524972
6.600470923662902
6.676223094346282
6.75111573842575
6.825177570480283
Current segment is :  1472
6.898435737734796
6.97091593745094
7.042642523237719
7.113638601535064
7.183926119359221
7.253525944258951
7.3224579373120315
Current segment is :  1479
7.3907410198890195
7.458393234823147
7.5254318025491695
7.5918731727082385
7.657733071658794
7.723026546283875
7.787768004441958
7.851971252370609
Current segment is :  1487
7.915649529319094
7.978815539656973
8.041481482680076
8.103659080312665
8.165359602884589
8.226593893144551
8.287372388654907
8.34770514269942
Current segment is :  1495
8.407601843822995
8.46707183411129
8.52612412630818
8.584767419860194
8.643010115969036
8.700860331726181
8.758325913397092
8.815414448916783
8.87213327965326
Current segment is :  1504
8.928489511490609
8.984490025279253
9.040141486697005
9.095450355561034
9.1504228946277
9.205065177914253
9.25938309857381
9.313382376352587
9.367068564656156
Current segment is :  1513
9.420447057249516
9.473523094613924
9.526301769981725
9.578788035068932
9.630986705523842
9.682902466108708
9.73453987563029
9.785903371634012
9.836997274875417
9.887825793581735
Current segment is :  1523
9.938393027515463
9.988702971851101
10.038759520875438
10.088566471521109
10.138127526742526
10.18744629874269
10.236526312058855
10.28537100651453
10.333983740044834
10.382367791401764
Current segment is :  1533
10.430526362745583
10.47846258212813
10.526179505873488
10.573680120861196
10.620967346716792
10.668044037914282
10.714912985794793
10.761576920505497
10.808038512862588
10.854300376141937
10.900365067800832
Current segment is :  1544
10.946235091133994
10.991912896866943
11.037400884689564
11.082701404732608
11.127816758989693
11.172749202687248
11.217500945604716
11.262074153347204
11.306470948572654
11.35069341217551
11.394743584428745
Current segment is :  1555
11.438623466086044
11.482335019445802
11.525880169378567
11.569260804319436
11.61247877722686
11.655535906509245
11.698433976920642
11.741174740426802
11.783759917042769
11.826191195643146
11.868470234746132
11.910598663272346
Current segment is :  1567
11.95257808127942
11.994410060673314
12.036096145897245
12.077637854599068
12.119036678277956
12.16029408291113
12.201411509561416
12.242390374966305
12.283232072109245
12.323937970773759
12.364509418081084
12.404947739011863
Current segment is :  1579
12.4452542369125
12.485430193986724
12.52547687177287
12.565395511607397
12.60518733507512
12.644853544446615
12.684395323103244
3.805318596930973
3.936713639754261
4.063723131872466
4.18676301027324
4.306187013679482
4.422299016806993
Current segment is :  1592
4.535362380025931
4.645607153894947
4.753235712108439
4.858427213284426
4.961341176600136
Current segment is :  1597
5.062120377667425
5.160893216457638
5.257775670526934
5.352872919122534
5.446280703606602
Current segment is :  1602
5.538086474776071
5.628370366563842
5.7172060272322165
5.804661332781535
5.890799002377567
5.975677131778722
Current segment is :  1608
6.059349657749209
6.141866764079351
6.223275237953165
6.30361878389674
6.382938301326522
6.461272130731718
Current segment is :  1614
6.53865627272163
6.615124583509877
6.690708949864275
6.765439446101171
6.839344475328525
6.912450896828954
6.9847841412111125
Current segment is :  1621
7.056368314736238
7.127226294039248
7.197379812304575
7.266849537821242
7.335655145725697
7.403815383641371
2.221144615092411
Current segment is :  1628
2.4462537757488403
2.650647941618627
2.8392810649200464
Current segment is :  1631
3.0153819822183063
3.1811984535471454
3.33837192364062
Current segment is :  1634
3.4881455292893073
3.6314881724793904
3.7691727734617544
3.901827875801566
Current segment is :  1638
4.029972944193975
4.1540432560605485
4.274407915063684
4.391383180395268
Current segment is :  1642
4.5052425225342505
4.616224339273107
4.724537966006147
4.830368420454303
4.933880193569318
Current segment is :  1647
5.035220311363765
5.134520832310499
5.2319009026869985
5.3274684620311
5.421321668964844
Current segment is :  1652
5.513550101537352
5.604235774251306
5.693454004914843
5.781274157596919
5.867760282691501
5.952971671008587
Current segment is :  1658
6.036963335614525
6.119786432625947
6.201488630162513
6.282114433065403
6.361705469702414
6.440300746139093
Current segment is :  1664
6.5179368721072395
6.594648262507428
6.670467317610434
6.745424584649277
6.819548903100315
6.892867535623456
6.9654062863561395
Current segment is :  1671
7.037189608023879
7.108240699134156
7.178581592354177
7.248233235031408
7.317215562694852
7.38554756627134
7.453247353661976
Current segment is :  1678
7.520332206246982
7.586818630820708
7.652722407400893
7.7180586333061285
7.78284176385172
7.847085649975977
7.910803573075431
7.974008277298117
Current segment is :  1686
8.036711999518158
8.098926497192078
8.160663074277121
8.22193260537393
8.282745558240169
8.343112014807529
8.403041690822018
8.46254395421625
Current segment is :  1694
8.521627842312439
8.580302077945841
8.638575084590347
8.696455000560738
8.75394969235961
8.811066767231127
8.8678135849785
8.924197269097318
8.980224717272561
Current segment is :  1703
9.035902611283198
9.09123742635476
9.146235439997056
9.200902740361256
9.255245234147944
9.309268654095286
9.36297856607425
9.416380375815832
9.469479335293315
Current segment is :  1712
9.522280548780994
9.574788978609183
9.627009450633897
9.678946659438349
9.73060517328215
9.78198943881302
9.83310378555481
9.88395243018465
9.934539480611264
9.984868939865597
Current segment is :  1722
10.034944709814233
10.084770594705358
10.134350304556419
10.183687458392042
10.232785587340212
10.28164813759423
10.330278473247498
10.378679879007745
10.426855562796906
10.474808658242479
Current segment is :  1732
10.522542227065863
10.57005926137283
10.617362685850987
10.664455359878815
10.711340079550583
10.75801957962122
10.804496535374966
10.850773564421432
10.896853228422481
10.94273803475316
10.98843043809975
Current segment is :  1743
3.2965291314299248
3.448203811090079
3.5932068408970483
3.7323583070217135
3.866321865413025
3.9956437422264512
4.120780023701183
4.242116274877947
4.359981973883189
4.4746613470996515
4.586401646803916
Current segment is :  1754
4.695419573820497
4.801906330145272
4.90603164322377
5.007947007078099
5.107788319155346
Current segment is :  1759
5.20567804534562
5.301727012578054
5.396035904532275
5.4886965185174486
5.579792828600021
5.669401890326682
Current segment is :  1765
5.757594615004239
5.8444364358398015
5.92998788386888
6.014305088185626
6.097440212305317
6.1794418363623995
Current segment is :  1771
6.260355293150324
6.340222964646072
6.419084544560228
6.496977271557213
6.573936137057471
6.64999407093083
6.725182107892494
Current segment is :  1778
6.799529536999762
6.873064036302874
6.945811794414692
7.0177976205210175
7.089045044148329
7.159576405831907
7.229412939679457
Current segment is :  1785
7.298574848699164
7.36708137365302
7.434950856103446
7.502200796241186
7.568847906013363
7.6349081580105995
7.7003968305200905
7.765328549106109
Current segment is :  1793
7.829717325039815
7.89357659086554
2.368072977259662
2.579215118908776
2.773072543337779
2.9533779598697896
3.1226756274199476
3.282794723879901
Current segment is :  1801
3.4351039731798556
3.580659974949768
3.720299036881923
3.8546968352962847
Current segment is :  1805
3.984408722213474
4.109897856200269
4.231555380911179
4.349715242945724
Current segment is :  1809
4.464665296471845
4.576655774323594
4.6859058522528
4.7926088069781105
4.896936120167535
Current segment is :  1814
4.999040780659389
5.099059968727314
5.197117258319222
5.293324439175039
5.387783036176874
Current segment is :  1819
5.480585585322356
5.571816712401014
5.6615540504737405
5.749869024691493
5.836827527198744
5.92249050039267
Current segment is :  1825
6.006914443321215
6.090151853262341
6.172251612356552
6.253259327433985
6.333217629787835
6.4121664405232
Current segment is :  1831
6.490143206197923
6.567183108726193
6.643319252902777
6.718582834399561
6.793003290666017
6.866608436815001
6.939424588282045
Current segment is :  1838
7.011476671799791
7.082788326021077
7.153381992947854
7.223279001173184
7.292499641815583
7.361063237915468
7.428988207969331
Current segment is :  1845
7.496292124196258
7.56299176606135
7.629103169519929
7.6946416723937165
7.759621956244213
7.824058085068459
7.887963541107213
7.951351258024807
Current segment is :  1853
8.01423365169285
8.076622648786088
8.138529713377642
8.199965871702176
8.260941735239058
8.3214675222528
8.381553077915058
8.441207893120783
Current segment is :  1861
8.500441122100664
8.559261598922747
8.617677852967715
8.67569812345483
8.733330373088808
8.790582300891828
8.84746135427937
8.90397474043371
8.960129437024376
Current segment is :  1870
9.015932202320817
9.071389584738943
9.126507931859782
9.181293398955532
9.235751957055514
9.28988940058203
9.343711354583837
9.397223281592874
9.450430488127957
Current segment is :  1879
9.50333813086742
9.555951222511078
9.608274637350425
9.660313116564616
9.712071273258589
9.763553597258486
9.814764459678537
9.865708117272575
9.916388716582484
9.966810297895032
Current segment is :  1889
10.016976799017824
10.066892058884356
10.116559820997564
10.165983736720596
10.21516736842305
10.264114192490327
10.312827602203347
10.361310910495359
10.40956735259223
10.457600088542153
Current segment is :  1899
10.505412205640399
10.553006720754384
10.600386582554023
10.64755467365203
10.694513812658592
10.741266756154552
10.787816200587026
10.834164784091145
10.880315088241419
10.926269639736013
10.97203091201705
Current segment is :  1910
11.017601326829897
11.062983255724204
11.108179021499343
11.153190899596758
11.198021119441563
11.242671865735648
11.287145279704427
11.33144346029922
11.375568465357206
11.419522312720764
11.463306981317892
Current segment is :  1921
11.506924412205407
11.550376509576417
11.593665141733597
11.63679214202966
11.679759309776355
11.722568411123287
11.765221179907776
11.80771931847689
11.850064498482785
11.892258361652392
11.934302520532448
11.976198559210852
Current segment is :  1933
12.01794803401523
12.05955247418961
12.101013382550025
12.142332236119843
12.183510486745588
12.224549561693975
12.26545086423086
12.306215774182775
12.34684564848166
12.387341821693438
12.427705606530987
12.467938294352079
Current segment is :  1945
12.508041155642827
12.548015440487136
12.587862379022669
12.627583181883784
12.667179040631904
12.706651128173746
12.746000599167829
12.78522859041966
12.824336221265984
12.863324593948452
12.902194793977085
12.940947890483844
12.979584936566665
Current segment is :  1958
13.018106969624238
13.056515011681864
13.094810069708652
13.13299313592636
13.171065188110125
13.209027189881354
13.246880090993029
13.28462482760765
13.32226232256806
13.359793485661358
13.397219213876141
13.434540391653252
13.471757891130245
Current segment is :  1971
13.508872572379765
13.545885283642013
13.582796861551492
13.619608131358179
4.085882439407453
4.208255025357946
4.327069117419173
4.442620772923631
4.55516695355812
4.6649324144287565
4.772115103389798
4.876890447061797
4.9794147923238965
5.079828198487766
Current segment is :  1985
5.178256724111693
5.274814316104348
5.369604382642514
5.4627211123621695
5.554250588188511
5.6442717336267965
Current segment is :  1991
5.732857121360905
5.820073667912707
5.905983233414705
5.990643141890421
6.074106634566805
6.156423266473557
Current segment is :  1997
6.237639254776844
6.317797785845644
6.396939286879469
