1.0
Current segment is :  0
2.0
Current segment is :  1
3.0
4.0
Current segment is :  3
5.0
6.0
7.0
8.0
Current segment is :  7
9.0
10.0
11.0
12.0
13.0
14.0
15.0
16.0
Current segment is :  15
17.0
18.0
19.0
20.0
21.0
22.0
23.0
24.0
25.0
26.0
27.0
28.0
29.0
30.0
31.0
32.0
Current segment is :  31
33.0
34.0
35.0
36.0
37.0
38.0
39.0
40.0
41.0
42.0
43.0
44.0
45.0
46.0
47.0
48.0
49.0
50.0
51.0
52.0
53.0
54.0
55.0
56.0
57.0
58.0
59.0
60.0
61.0
62.0
63.0
64.0
Current segment is :  63
65.0
66.0
67.0
68.0
69.0
70.0
71.0
72.0
73.0
74.0
75.0
76.0
77.0
78.0
79.0
80.0
81.0
82.0
83.0
84.0
85.0
86.0
87.0
88.0
89.0
90.0
91.0
92.0
93.0
94.0
95.0
96.0
97.0
98.0
99.0
100.0
101.0
102.0
103.0
104.0
105.0
106.0
107.0
108.0
109.0
110.0
111.0
112.0
113.0
114.0
115.0
116.0
117.0
118.0
119.0
120.0
121.0
122.0
123.0
124.0
125.0
126.0
127.0
128.0
Current segment is :  127
129.0
130.0
131.0
132.0
133.0
134.0
135.0
136.0
137.0
138.0
139.0
140.0
141.0
142.0
143.0
144.0
145.0
146.0
147.0
148.0
149.0
150.0
151.0
152.0
153.0
154.0
155.0
156.0
157.0
158.0
159.0
160.0
161.0
162.0
163.0
164.0
165.0
166.0
167.0
168.0
169.0
170.0
171.0
172.0
173.0
174.0
175.0
176.0
177.0
178.0
179.0
180.0
181.0
182.0
183.0
184.0
185.0
186.0
187.0
188.0
189.0
190.0
191.0
192.0
193.0
194.0
195.0
58.5
58.50854700854701
58.51709276853533
58.52563728051199
58.53418054502363
58.542722562616504
58.551263333836445
58.55980285922891
58.56834113933893
58.576878174711176
58.585413965889884
58.593948513418916
58.602481817841735
58.6110138797014
58.61954469954059
58.628074277901575
58.63660261532623
58.64512971235605
58.65365556953213
58.66218018739516
58.67070356648545
58.679225707342916
58.68774661050707
58.69626627651705
58.7047847059116
58.71330189922906
58.72181785700739
58.730332579784154
58.73884606809653
58.747358322481304
58.755869343474885
58.764379131613275
58.7728876874321
58.7813950114666
58.78990110425161
58.7984059663216
58.806909598210645
58.815412000452426
58.823913173580245
58.83241311812702
58.84091183462529
58.84940932360719
58.8579055856045
58.86640062114858
58.87489443077043
58.88338701500068
58.89187837436954
58.90036850940686
58.908857420642114
58.91734510860438
58.925831573822364
58.934316816824385
58.94280083813839
58.95128363829193
58.9597652178122
58.96824557722599
58.97672471705974
58.985202637839485
58.99367934009089
59.00215482433926
59.01062909110949
Current segment is :  255
59.01910214092613
59.02757397431333
59.03604459179487
59.04451399389417
59.052982181134254
59.06144915403778
59.06991491312703
59.07837945892391
59.086842791949955
59.09530491272633
59.10376582177381
59.11222551961283
59.12068400676341
59.129141283745234
59.137597351077595
59.14605220927942
59.154505858869264
59.16295830036532
59.171409534285395
59.179859561146934
59.18830838146702
59.19675599576235
59.205202404549276
59.213647608343756
59.2220916076614
59.23053440301744
59.23897599492673
59.2474163839038
59.25585557046276
59.264293555117376
59.27273033838106
59.281165920766846
59.289600302787406
59.29803348495505
59.30646546778171
59.314896251778976
59.32332583745805
59.331754225329796
59.340181415904695
59.348607409692875
59.3570322072041
59.36545580894777
59.37387821543294
59.38229942716827
59.39071944466209
59.399138268422355
59.407555898956666
59.41597233677226
59.42438758237602
59.43280163627446
59.44121449897375
59.44962617097969
59.45803665279772
59.46644594493294
59.47485404789008
59.4832609621735
59.49166668828724
59.500071226734946
59.508474578019936
59.51687674264515
Current segment is :  315
59.52527772111319
59.5336775139263
59.54207612158636
59.55047354459491
59.55886978345312
59.56726483866182
59.575658710721484
59.58405140013223
59.59244290739384
59.60083323300571
59.609222377466914
59.61761034127617
59.625997124931835
59.634382728931925
59.642767153774095
59.65115039995566
59.65953246797359
59.66791335832449
59.676293071504624
59.684671608009914
59.69304896833593
59.70142515297788
59.70980016243065
59.718173997188764
59.7265466577464
59.73491814459738
59.743288458235206
59.75165759915301
59.76002556784359
59.768392364799396
59.776757990512536
59.78512244547477
59.793485730177515
59.801847845111844
59.81020879076849
59.81856856763784
59.826927176209935
59.835284616974484
59.84364089042084
59.85199599703803
59.86034993731472
59.86870271173925
59.87705432079962
59.885404764983484
59.893754044778156
59.90210216067061
59.910449113147486
59.918794902695076
59.92713952979934
59.9354829949459
59.94382529862004
59.9521664413067
59.96050642349049
59.96884524565568
59.977182908286196
59.98551941186564
59.993854756877276
60.00218894380402
60.010521973128476
60.018853845332885
Current segment is :  375
60.02718456089917
60.035514120308925
60.043842524043384
60.052169772583476
60.06049586640979
60.06882080600256
60.07714459184172
60.08546722440685
60.0937887041772
60.1021090316317
60.11042820724893
60.11874623150715
60.12706310488429
60.135378827857956
60.1436934009054
60.152006824503566
60.16031909912906
60.16863022525816
60.176940203366826
60.18524903393067
60.193556717424975
60.20186325432472
60.21016864510453
60.21847289023872
60.226775990201276
60.23507794546585
60.24337875650576
60.251678423794026
60.25997694780332
60.26827432900598
60.27657056787405
60.284865664879234
60.293159620492894
60.301452435186086
60.309744109429545
60.31803464369367
60.32632403844855
60.33461229416393
60.34289941130927
60.35118539035366
60.359470231765904
60.367753936014466
60.3760365035675
60.38431793489283
60.39259823045796
60.40087739073009
60.40915541617607
60.41743230726245
60.42570806445546
60.43398268822101
60.442256179024675
60.450528537331735
60.45879976360714
60.46706985831552
60.47533882192119
60.48360665488815
60.49187335768008
60.50013893076034
60.508403374591985
60.516666689637745
60.52492887636003
Current segment is :  436
60.53318993522094
60.54144986668226
60.54970867120546
60.55796634925169
60.5662229012818
60.5744783277563
60.58273262913542
60.59098580587904
60.59923785844676
60.60748878729785
60.615738592891255
60.623987275685636
60.632234836139325
60.640481274710346
60.64872659185641
60.65697078803492
60.66521386370296
60.67345581931731
60.68169665533445
60.689936372210525
60.698174970401396
60.70641245036259
60.71464881254935
60.72288405741659
60.731118185418936
60.73935119701068
60.74758309264582
60.75581387277805
60.76404353786075
60.772272088347
60.78049952468957
60.78872584734091
60.796951056753194
60.80517515337826
60.81339813766765
60.82162001007261
60.82984077104407
60.838060421032665
60.84627896048872
60.85449638986225
60.862712709602974
60.87092792016031
60.87914202198337
60.88735501552095
60.895566901221564
60.903777679533405
60.91198735090438
60.92019591578209
60.92840337461382
60.93660972784658
60.94481497592705
60.953019119301636
60.961222158416426
60.96942409371721
60.97762492564948
60.98582465465844
60.994023281188966
61.00222080568567
61.010417228592836
61.01861255035447
61.02680677141427
Current segment is :  497
61.03499989221564
61.043191913201674
61.05138283481519
61.0595726574987
61.0677613816944
61.07594900784423
61.084135536389795
61.092320967772416
61.10050530243313
61.108688540812665
61.116870683351465
61.125051730489666
61.13323168266712
61.141410540323385
61.149588303897715
61.15776497382908
61.16594055055616
61.17411503451732
61.182288426150656
61.19046072589396
61.19863193418474
61.2068020514602
61.21497107815726
61.223139014712544
61.23130586156239
61.23947161914284
61.24763628788965
61.25579986823828
61.26396236062391
61.27212376548141
61.280284083245384
61.28844331435013
61.29660145922967
61.304758518317726
61.31291449204774
61.32106938085285
61.32922318516592
61.337375905419535
61.34552754204597
61.35367809547723
61.36182756614502
61.369975954480765
61.37812326091561
61.3862694858804
61.3944146298057
61.402558693121804
61.4107016762587
61.41884357964609
61.426984403713405
61.43512414888979
61.4432628156041
61.451400404284904
61.459536915360495
61.467672349258876
61.47580670640777
61.48393998723461
61.49207219216657
61.5002033216305
61.50833337605301
61.5164623558604
61.52459026147869
61.532717093333645
Current segment is :  559
61.54084285185072
61.5489675374551
61.557091150571694
61.56521369162512
61.57333516103972
61.581455559239565
61.58957488664843
61.597693143689824
61.60581033078697
61.61392644836282
61.62204149684003
61.63015547664101
61.638268388187846
61.64638023190239
61.65449100820619
61.66260071752053
61.67070936026641
61.67881693686455
61.6869234477354
61.69502889329914
61.70313327397565
61.71123659018457
61.71933884234523
61.72744003087671
61.73554015619779
61.74363921872701
61.7517372188826
61.75983415708254
61.76793003374451
61.77602484928596
61.78411860412402
61.79221129867557
61.800302933357216
61.80839350858529
61.81648302477585
61.82457148234467
61.83265888170728
61.840745223278915
61.84883050747455
61.85691473470888
61.864997905396336
61.873080019951075
61.88116107878698
61.889241082317675
61.8973200309565
61.90539792511654
61.913474765210594
61.92155055165121
61.929625284850644
61.9376989652209
61.945771593173724
61.95384316912057
61.961913693472624
61.96998316664083
61.978051589035836
61.986118961068044
61.99418528314757
62.002250555684284
62.01031477908777
62.018377953767356
62.026440080132105
62.03450115859081
Current segment is :  621
62.042561189551996
62.05062017342393
62.05867811061461
62.06673500153176
62.07479084658286
62.08284564617511
62.09089940071545
62.098952110610554
62.107003776266836
62.11505439809044
62.12310397648726
62.13115251186291
62.13920000462275
62.14724645517189
62.155291863915146
62.163336231257105
62.17137955760207
62.1794218433541
62.18746308891697
62.19550329469422
62.20354246108911
62.211580588504646
62.21961767734358
62.227653728008384
62.235688740901296
62.24372271642427
62.25175565497902
62.25978755696699
62.267818422789375
62.2758482528471
62.28387704754083
62.29190480727098
62.29993153243771
62.307957223440916
62.31598188068023
62.32400550455504
62.332028095464466
62.340049653807384
18.702014896142213
18.72874998339226
18.755446906595537
18.78210582880038
18.808726911897104
18.835310316629496
18.86185620260614
18.88836472831163
18.914836051117597
18.941270327293648
18.96766771201813
18.99402835938877
19.020352422433188
19.04664005311927
19.07289140236541
19.09910662005065
19.125285855024664
19.151429255117616
19.177536967149937
19.203609136941942
19.229645909323345
19.25564742814266
19.281613836276474
19.307545275638635
19.333441887189295
Current segment is :  684
19.35930381094387
19.38513118598188
19.41092415045568
19.436682841599104
19.46240739573598
19.488097948288566
19.513754633785876
19.539377585871904
19.56496693731376
19.590522820009703
19.616045364997085
19.64153470246019
19.666990961738005
19.69241427133187
19.717804758913065
19.743162551330297
19.768487774617096
19.793780553999138
19.819041013901476
19.84426927795569
Current segment is :  704
19.869465469006947
19.894629709121002
19.919762119591088
19.944862820944756
19.969931932950626
19.994969574625056
20.019975864238745
20.04495091932326
20.06989485667748
20.094807792373985
20.119689841765357
20.144541119490427
20.169361739480436
20.19415181496514
20.218911458478836
20.24364078186634
20.268339896288875
20.293008912229915
20.31764793950096
20.342257087247237
Current segment is :  724
20.366836463953348
20.391386177448858
20.415906334913824
20.440397042884253
20.46485840725751
20.489290533297662
20.513693525640782
20.538067488300165
20.56241252467152
20.58672873753808
20.61101622907569
20.635275100857793
20.659505453860415
20.683707388467063
20.70788100447358
20.732026401092963
20.756143676960104
20.780232930136503
20.804294258114925
20.828327757824006
20.85233352563281
Current segment is :  745
20.876311657355355
20.900262248255057
20.92418539304917
20.94808118591316
20.971949720485014
20.99579108986955
21.01960538664264
21.043392702855424
21.06715313003845
21.090886759205794
21.114593680859137
21.138273984991784
21.161927761092663
21.185555098150267
21.20915608465657
21.232730808610896
21.25627935752375
21.279801818420605
21.303298277845673
21.32676882186561
21.350213536073202
Current segment is :  766
21.37363250559101
21.397025815074986
21.42039354871803
21.443735790253548
21.467052622958942
21.490344129659086
21.51361039272976
21.536851494101057
21.56006751526074
21.583258537257592
21.60642464070471
21.629565905782783
21.652682412243337
21.675774239411933
21.69884146619135
21.721884171064744
21.744902432098748
21.767896326946577
21.790865932851077
21.81381132664776
21.8367325847678
21.85962978324102
Current segment is :  788
21.88250299769881
21.90535230337708
21.92817777511911
21.950979487378454
21.973757514221745
21.996511929331515
22.01924280600898
22.041950217176794
22.06463423538179
22.087294932797665
22.10993238122769
22.132546652107347
22.155137816506965
22.177705945134335
22.20025110833728
22.222773376106236
22.245272818076767
22.2677495035321
22.290203501405603
22.312634880283255
22.335043708406097
22.357430053672655
Current segment is :  810
22.379793983641335
22.402135565532816
22.424454866232402
22.44675195229236
22.469026889934238
22.491279745051163
22.513510583210117
22.535719469654193
22.557906469304825
22.58007164676402
22.60221506631653
22.62433679193205
22.646436887267363
22.668515415668494
22.690572440172815
22.71260802351115
22.734622228109867
22.756615116092927
22.778586749283946
22.800537189208217
22.82246649709473
22.844374733878148
22.866261960200806
Current segment is :  833
22.888128236414655
22.909973622583216
22.931798178483497
22.95360196360791
22.975385037166156
22.997147458087117
23.01888928502071
23.04061057633972
23.06231139014165
23.083991784250532
23.10565181621871
23.12729154332864
23.14891102259465
23.170510310764705
23.192089464322134
23.213648539487362
23.235187592219614
23.25670667821862
23.278205852926288
23.299685171528377
23.32114468895615
23.34258445988801
23.364004538751136
Current segment is :  856
23.385404979723088
23.406785836733413
23.428147163465223
23.449489013356782
23.47081143960305
23.49211449515725
23.513398232732385
23.53466270480278
23.555907963605573
23.57713406114223
23.59834104918002
23.619528979253495
23.640697902665945
23.661847870490863
23.68297893357337
23.704091142531645
23.725184547758342
23.746259199422
23.767315147468427
23.788352441622084
23.809371131387465
23.830371266050445
23.851352894679636
23.872316066127723
Current segment is :  880
23.893260829032798
23.914187231819664
23.93509532270116
23.955985149679446
23.976856760547292
23.997710202889355
24.01854552408345
24.0393627713018
24.060161991512285
24.08094323147968
24.101706537766884
24.12245195673614
24.143179534550235
24.16388931717371
24.184581350374035
24.205255679722814
24.225912350596936
24.24655140817974
24.267172897462185
24.28777686324397
24.308363350134695
24.32893240255497
24.349484064737542
24.370018380728414
Current segment is :  904
24.39053539438793
24.411035149391875
24.431517689232567
24.451983057219934
24.472431296482572
24.492862449968815
24.51327656044779
24.533673670510453
24.55405382257064
24.574417058866082
24.594763421459437
24.615092952239298
24.63540569292121
24.65570168504866
24.675980969994065
24.69624358895977
24.71648958297902
24.736718992916924
24.756931859471425
24.777128223174252
24.797308124391872
24.81747160332643
24.83761870001669
24.85774945433895
24.877863906007974
Current segment is :  929
24.897962094577903
24.91804405944317
24.938109839839385
24.958159474844248
24.978193003378433
24.99821046420646
25.01821189593758
25.038197337026645
25.058166825774965
25.078120400331173
25.098058098692068
25.11797995870346
25.137886018061025
25.157776314311107
25.177650884851573
25.19750976693262
25.217352997657592
25.237180613983796
25.256992652723294
25.276789150543713
25.296570143969028
25.316335669380354
25.336085763016722
25.355820460975863
25.37553979921497
Current segment is :  954
25.395243813551463
25.41493253966376
25.434606013092015
25.45426426923888
25.473907343370243
25.49353527061597
25.513148085970624
25.53274582429422
25.552328520312926
25.571896208619787
25.591448923675443
25.61098669980884
25.63050957121792
25.65001757197033
25.66951073600412
25.68898909712842
25.708452689024135
25.72790154524462
25.747335699216357
25.766755184239624
25.786160033489164
25.805550280014845
25.824925956742312
25.844287096473654
25.863633731888033
25.882965895542345
Current segment is :  980
25.90228361987185
25.921586937190806
25.940875879693113
25.960150479452924
25.979410768425275
25.99865677844671
26.017888541235873
26.03710608839415
26.05630945140625
26.075498661640818
26.09467375035103
26.113834748675192
26.132981687637322
26.15211459814774
26.17123351100366
26.19033845688975
26.20942946637873
26.228506569931913
26.247569797899807
26.26661918052265
26.285654747930987
26.30467653014622
26.323684557081165
26.34267885854059
26.361659464221773
26.38062640371504
Current segment is :  1006
26.3995797065043
26.41851940196759
26.43744551937759
26.456358087902167
26.475257136604892
26.494142694445564
26.513014790280724
26.53187345286418
26.550718710847498
26.569550592780537
26.588369127111932
26.60717434218961
26.625966266261276
26.644744927474918
26.663510353879296
26.682262573424435
26.7010016139621
26.719727503246286
26.738440268933708
26.757139938584256
26.775826539661487
26.79450009953309
26.813160645471346
26.831808204653612
26.85044280416276
26.869064470987656
26.8876732320236
Current segment is :  1033
26.906269114072796
26.924852143844785
26.94342234795691
26.961979752934752
26.980524385212565
26.999056271133732
27.01757543695119
27.03608190882787
27.054575712837124
27.073056874963157
27.091525421101455
27.1099813770592
27.128424768555703
27.146855621222812
27.165273960605333
27.183679812161444
27.202073201263104
27.22045415319646
27.238822693162252
27.257178846276222
27.275522637569512
27.29385409198906
27.312173234398003
27.330480089576056
27.34877468221992
27.36705703694366
27.3853271782791
Current segment is :  1060
27.4035851306762
27.42183091850344
27.4400645660482
27.45828609751714
27.47649553703657
27.49469290865283
27.512878236332654
27.53105154396354
27.549212855354117
27.567362194234512
27.58549958425671
27.603625048994907
27.62173861194588
27.639840296529332
27.657930126088253
27.676008123889265
27.69407431312298
27.712128716904335
27.73017135827295
27.748202260193462
27.76622144555587
27.784228937175875
27.802224757795212
27.820208930081993
27.838181476631036
27.856142419964197
27.874091782530698
27.892029586707455
Current segment is :  1088
27.909955854799406
27.927870609039836
27.945773871590692
27.96366566454291
27.981546009916727
27.999414929662006
28.017272445658538
28.035118579716368
28.0529533535761
28.070776788909203
28.08858890731832
28.106389730337582
28.1241792794329
28.141957576002277
28.159724641376094
28.177480496817427
28.195225163522334
28.21295866262015
28.230681015173783
28.248392242180007
28.266092364569747
28.28378140320838
28.301459378896006
28.319126312367743
28.33678222429401
28.354427135280808
28.372061065870007
28.38968403653961
Current segment is :  1116
28.407296067704046
28.424897179714435
28.442487392858876
28.460066727362705
28.477635203388775
28.495192841037724
28.51273966034824
28.530275681297336
28.54780092380061
28.56531540771251
28.582819152826595
28.600312178875797
28.617794505532682
28.63526615240971
28.652727139059486
28.67017748497502
28.68761720958998
28.705046332278947
28.722464872357655
28.73987284908326
28.75727028165457
28.774657189212306
28.792033590839342
28.809399505560943
28.82675495234502
28.844099950102365
28.861434517686895
28.878758673895888
28.89607243747022
Current segment is :  1145
28.913375827094605
28.93066886139783
28.94795155895299
28.965223938277717
28.98248601783441
28.99973781603048
29.016979351218552
29.034210641696724
29.051431705708772
29.068642561444385
29.085843227039387
29.103033720575954
29.120214060082844
29.13738426353562
29.15454434885686
29.171694333916378
29.188834236531452
29.205964074467023
29.22308386543592
29.240193627099075
29.257293377065732
29.274383132893657
29.29146291208935
29.30853273210826
29.325592610354988
29.34264256418349
29.359682610897288
29.37671276774968
29.393733051943933
Current segment is :  1174
29.410743480633492
29.42774407092218
29.444734839864406
29.461715804465353
29.478686981681182
29.495648388419234
29.512600041538217
29.529541957848412
29.54647415411186
29.563396647042556
29.58030945330665
29.597212589522627
29.614106072261507
29.630989918047025
29.64786414335583
29.664728764617664
29.681583798215556
29.698429260486005
29.71526516771916
29.732091536159015
29.748908382003577
29.765715721405062
29.782513570470066
29.799301945259753
29.816080861790027
29.83285033603172
29.849610383910754
29.866361021308336
29.88310226406112
29.899834127961384
Current segment is :  1204
29.916556628757213
29.93326978215266
29.949973603807926
29.966668109339526
29.98335331432046
30.000029234280394
30.01669588470581
30.03335328104019
30.050001438684166
30.066640372995707
30.08327009929027
30.09989063284097
30.11650198887874
30.13310418259249
30.14969722912929
30.166281143594507
30.182855941051972
30.199421636524146
30.21597824499228
30.23252578139656
30.249064260636285
30.265593697569997
30.282114107015662
30.298625503750813
30.3151279025127
30.331621317998458
30.34810576486524
30.364581257730396
30.381047811171594
30.39750543972699
Current segment is :  1234
30.413954157895375
30.43039398013632
30.446824920870323
30.463246994478965
30.479660215305053
30.496064597652758
30.512460155787775
30.528846903937453
30.545224856290954
30.561594026999384
30.577954430175943
30.59430607989606
30.61064899019755
30.62698317508073
30.643308648508583
30.65962542440688
30.675933516664326
30.692232939132705
30.708523705627
30.72480582992555
30.74107932577017
30.75734420686629
30.77360048688309
30.789848179453646
30.806087298175044
30.822317856608525
30.838539868279618
30.854753346678258
30.870958305258938
30.88715475744082
30.903342716607874
Current segment is :  1265
30.91952219610901
30.9356932092582
30.95185576933461
30.96800988958272
30.984155583212463
31.000292863399338
31.016421743284546
31.032542235975107
31.048654354543995
31.064758112030244
31.080853521439092
31.09694059574209
31.113019347877227
31.12908979074905
31.14515193722879
31.161205800154477
31.177251392331065
31.193288726530543
31.209317815492064
31.225338671922056
31.24135130849434
31.25735573785025
31.27335197259875
31.28934002531654
31.305319908548192
31.32129163480624
31.337255216571315
31.353210666292245
31.36915799638618
31.385097219238688
31.40102834720389
Current segment is :  1296
31.416951392604552
31.432866367732206
31.448773284847256
31.464672156179095
31.48056299392621
31.49644581025629
31.512320617306333
31.528187427182765
31.544046251961536
31.559897103688236
31.575739994378193
31.591574936016585
31.607401940558546
31.623221019929268
31.63903218602411
31.6548354507087
31.67063082581904
31.686418323161604
31.702197954513455
31.71796973162233
31.733733666206753
31.749489769956135
31.765238054530872
31.78097853156245
31.796711212653545
31.812436109378115
31.828153233281512
31.84386259588057
31.85956420866371
31.875258083091033
31.890944230594425
31.906622662577643
Current segment is :  1328
31.922293390416424
31.937956425458577
31.953611779024072
31.969259462405148
31.984899486866397
32.00053186364486
32.01615660395013
32.03177371896444
32.04738321984275
32.06298511771285
32.07857942367545
32.09416614880428
32.109745304146145
32.125316900721074
32.14088094952237
32.15643746151671
32.171986447644244
32.18752791881867
32.203061885927326
32.2185883598313
32.234107351365495
32.249618871338726
32.265122930533806
32.28061953970764
32.29610870959129
32.311590450890094
32.327064774283734
32.34253169042633
32.3579912099465
32.37344334344749
32.38888810150722
32.40432549467839
Current segment is :  1360
32.41975553348855
32.43517822844019
32.45059359001085
32.46600162865313
32.48140235479487
32.496795778839136
32.51218191116439
32.52756076212451
32.542932342048886
32.558296661242515
32.57365372998608
32.58900355853601
32.604346157124574
32.61968153595998
32.6350097052264
32.65033067508411
32.66564445566954
32.68095105709535
32.6962504894505
32.711542762800356
32.726827887186744
32.74210587262803
32.757376729119215
32.77264046663198
32.787897095114786
32.803146624492946
32.81838906466869
32.83362442552126
32.84885271690694
32.864073948659204
32.87928813058872
32.89449527248346
32.90969538410877
Current segment is :  1393
32.92488847520743
32.94007455549975
32.9552536346836
32.97042572243454
32.985590828405854
33.00074896222862
33.0159001335118
33.031044351842304
33.04618162678506
33.061311967883064
33.0764353846575
33.09155188660777
33.10666148321155
33.12176418392493
33.136859998182395
33.151948935396945
33.167031004960165
33.182106216242275
33.1971745785922
33.212236101337645
33.227290793785166
33.24233866522022
33.257379724907246
33.27241398208974
33.28744144599029
33.30246212581067
33.31747603073191
33.332483169914326
33.34748355249762
33.36247718760094
33.37746408432292
33.39244425174177
33.407417698915346
Current segment is :  1426
33.42238443488118
33.437344468656576
33.45229780923865
33.467244465604416
33.48218444671083
33.49711776149487
33.51204441887358
33.52696442774413
33.54187779698392
33.55678453545057
33.571684651982046
33.5865781553967
33.60146505449332
33.616345358051184
33.63121907483016
33.64608621357073
33.66094678299406
33.675800791802054
33.69064824867743
33.70548916228376
33.72032354126555
33.735151394248284
33.749972729838476
33.764787556623745
33.77959588317286
33.79439771803581
33.809193069743856
33.82398194680959
33.83876435772697
33.85354031097143
33.868309814999876
33.88307287825078
33.89782950914422
33.91257971608196
Current segment is :  1460
33.92732350744746
33.94206089160599
33.95679187690464
33.97151647167238
33.98623468422014
34.000946522840856
34.0156519958095
34.03035111138316
34.0450438778011
34.05973030328478
34.07441039603795
34.08908416424666
34.10375161607936
34.11841275968692
34.1330676032027
34.14771615474258
34.162358422405056
34.17699441427124
34.19162413840495
34.206247602852734
34.22086481564395
34.2354757847908
34.250080518288385
34.264679024114756
34.27927131023097
34.293857384581116
34.308437255092414
34.32301092967521
34.33757841622307
34.3521397226128
34.36669485670451
34.38124382634168
34.395786639351165
34.41032330354329
Current segment is :  1494
34.42485382671185
34.43937821663423
34.453896481071375
34.46840862776789
34.48291466445208
34.497414598835974
34.5119084386154
34.52639619147002
34.540877865063386
34.55535346704297
34.56982300504023
34.58428648667064
34.59874391953376
34.61319531121326
34.627640669276985
34.64208000127697
34.65651331474953
34.67094061721528
34.68536191617917
34.699777219130546
34.71418653354321
34.728589866875446
34.74298722657006
34.757378620054425
34.77176405474056
34.78614353802512
34.8005170772895
34.81488467989981
34.829246353207
34.84360210454682
34.85795194123993
34.87229587059191
34.886633899893326
34.90096603641973
34.91529228743176
Current segment is :  1529
34.92961266017514
34.94392716188074
34.958235799764616
34.97253858102806
34.98683551285763
35.001126602425195
35.01541185688799
35.02969128338862
35.04396488905517
35.05823268100117
35.07249466632569
35.086750852113354
35.1010012454344
35.11524585334469
35.1294846828858
35.14371774108502
35.1579450349554
35.172166571495794
35.186382357690924
35.20059240051139
35.21479670691371
35.228995283840376
35.243188138219885
35.25737527696678
35.2715567069817
35.28573243515139
35.29990246834877
35.31406681343296
35.32822547724932
35.3423784666295
35.356525788391444
35.370667449339486
35.38480345626432
35.3989338159431
35.41305853513944
Current segment is :  1564
35.42717762060346
35.44129107907183
35.45539891726781
35.46950114190126
35.483597759668726
35.49768877725343
35.51177420132533
35.52585403854116
35.539928295544456
35.55399697896559
35.568060095421835
35.58211765151735
35.59616965384326
35.61021610897768
35.62425702348575
35.63829240391966
35.6523222568187
35.666346588709295
35.680365406105025
35.69437871550669
35.7083865234023
35.72238883626716
35.73638566056387
35.750377002742376
35.764362869239996
35.778343266481464
35.79231820087895
35.80628767883212
35.820251706728136
35.83421029094172
35.84816343783516
35.86211115375838
35.87605344504893
35.88999031803207
35.903921779020756
35.9178478343157
Current segment is :  1600
35.9317684902054
35.94568375296616
35.959593628862144
35.973498124145394
35.98739724505586
36.00129099782145
36.015179388658055
36.02906242376956
36.04294010934792
36.05681245157314
36.07067945661335
36.08454113062482
36.098397479752
36.11224851012753
36.126094227872294
36.13993463909544
36.15376974989443
36.16759956635504
36.1814240945514
36.19524334054607
36.20905731039
36.22286601012261
36.2366694457718
36.250467623354
36.26426054887416
36.27804822832584
36.29183066769118
36.30560787294099
36.319379850034714
36.33314660492052
36.3469081435353
36.3606644718047
36.37441559564314
36.388161520953894
36.40190225362905
36.4156377995496
Current segment is :  1636
36.42936816458542
36.443093354595334
36.456813375427124
36.47052823291758
36.4842379328925
36.49794248116673
36.51164188354422
36.52533614581802
36.53902527377029
36.552709273172404
36.56638814978489
36.58006190935753
36.59373055762934
36.60739410032862
36.62105254317297
36.63470589186934
36.64835415211403
36.661997329592744
36.675635429980595
36.68926845894214
36.70289642213142
36.71651932519197
36.73013717375685
36.743749973448686
36.75735772987968
36.77096044865164
36.78455813535602
36.79815079557394
36.81173843487619
36.82532105882329
36.83889867296551
36.85247128284288
36.86603889398522
36.87960151191219
36.89315914213329
36.906711790147895
36.920259461445276
Current segment is :  1673
36.93380216150463
36.94733989579512
36.960872669775874
36.97440048889604
36.98792335859477
37.00144128430129
37.01495427143491
37.02846232540503
37.04196545161119
37.05546365544309
37.06895694228061
37.08244531749382
37.095928786443054
37.109407354478876
37.12288102694214
37.136349809164
37.149813706465956
37.163272724159846
37.17672686754789
37.19017614192273
37.20362055256741
37.21706010475544
37.23049480375081
37.243924654808005
37.25734966317203
37.27076983407845
37.284185172753396
37.29759568441359
37.311001374266375
37.32440224750975
37.33779830933237
37.35118956491358
37.364576019423446
37.37795767802276
37.39133454586308
37.40470662808675
37.41807392982692
Current segment is :  1710
37.43143645620756
37.444794212343496
37.458147203340445
37.471495434295
37.48483891029469
37.49817763641798
37.5115116177343
37.52484085930407
37.538165366178724
37.55148514340072
37.56480019600358
37.57811052901191
37.59141614744139
37.60471705629885
37.61801326058225
37.63130476528072
37.64459157537456
37.65787369583531
37.67115113162573
37.68442388769981
37.69769196900284
37.710955380471404
37.72421412703339
37.73746821360803
37.75071764510592
37.76396242642903
37.77720256247074
37.79043805811585
37.803668918240604
37.81689514771271
37.83011675139135
37.84333373412724
37.856546100762614
37.86975385613124
37.88295700505847
37.89615555236124
37.909349502848094
37.92253886131921
Current segment is :  1748
37.93572363256642
37.94890382137323
37.96207943251482
37.9752504707581
37.9884169408617
38.001578847576006
38.01473619564319
38.02788898979719
38.04103723476378
38.05418093526054
38.06732009599693
38.08045472167426
38.09358481698573
38.10671038661648
38.11983143524353
38.1329479675359
38.14605998815454
38.159167501752414
38.17227051297448
38.185369026457714
38.19846304683116
38.21155257871591
38.22463762672515
38.237718195464154
38.25079428953033
38.263865913513236
38.27693307199456
38.28999576954819
38.303054010740205
38.3161078001289
38.3291571422648
38.34220204169069
38.35524250294162
38.368278530544934
38.38131012902027
38.39433730287961
38.407360056627276
38.420378394759936
Current segment is :  1786
38.433392321766654
38.44640184212889
38.45940696032053
38.47240768080787
38.48540400804968
38.49839594649718
38.51138350059411
38.52436667477668
38.53734547347364
38.55031990110629
38.563289962088476
38.57625566082662
38.58921700171973
38.60217398915945
38.61512662753004
38.62807492120839
38.641018874564075
38.65395849195934
38.666893777749124
38.67982473628109
38.692751371895625
38.70567368892587
38.718591691697725
38.731505384529875
38.74441477173381
38.75731985761382
38.770220646467045
38.78311714258347
38.79600935024594
38.80889727373018
38.821780917304835
38.834660285231436
38.84753538176447
38.860406211151364
38.87327277763251
38.886135085441275
38.89899313880403
38.91184694194016
38.92469649906209
Current segment is :  1825
38.93754181437526
38.9503828920782
38.96321973636252
38.976052351412896
38.988880741407144
39.00170491051618
39.01452486290409
39.02734060272809
39.04015213413859
39.05295946127917
39.06576258828663
39.078561519290986
39.09135625841549
39.10414680977663
39.116933177484185
39.129715365641204
39.14249337834403
39.155267219682315
39.16803689373906
39.18080240459058
39.19356375630658
39.206320952950115
39.21907399857763
39.231822897238985
39.24456765297745
39.257308269829736
39.270044751825985
39.282777102989826
39.295505327338354
39.30822942888216
39.32094941162533
39.33366527956549
39.346377036693795
39.359084686994954
39.371788234447244
39.38448768302252
39.39718303668623
39.40987429939744
39.42256147510882
Current segment is :  1864
39.43524456776671
39.44792358131107
39.46059851967556
39.473269386787486
39.485936186567876
39.498598922931464
39.5112575997867
39.52391222103578
39.53656279057464
39.549209312292994
39.56185179007433
39.57449022779593
39.58712462932888
39.59975499853811
39.61238133928235
39.625003655414204
39.63762195078013
39.65023622922047
39.66284649456944
39.67545275065518
39.68805500129974
39.700653250319085
39.71324750152315
39.72583775871581
39.738424025694925
39.75100630625232
39.763584604173836
39.776158923239315
39.78872926722263
39.801295639891684
39.81385804500844
39.82641648632892
39.83897096760322
39.85152149257553
39.86406806498414
39.87661068856146
39.889149367034044
39.90168410412255
39.914214903541826
39.92674176900087
Current segment is :  1904
39.93926470420286
39.951783712845184
39.964298798619424
39.97680996521137
39.98931721630107
40.00182055556279
40.014319986665065
40.026815513270705
40.039307139036794
40.05179486761471
40.064278702650135
40.07675864778308
40.08923470664788
40.10170688287321
40.114175180082114
40.126639601891995
40.13910015191464
40.151556833756224
40.16400965101734
40.17645860729298
40.18890370617258
40.20134495124002
40.21378234607361
40.226215894246145
40.238645599324904
40.25107146487164
40.26349349444261
40.2759116915886
40.28832605985489
40.30073660278132
40.31314332390228
40.32554622674671
40.33794531483813
40.35034059169464
40.362732060828925
40.3751197257483
40.387503589954676
40.39988365694462
40.41225993020931
40.4246324132346
Current segment is :  1944
40.43700110950099
40.44936602248368
40.46172715565255
40.47408451247215
40.48643809640179
40.49878791089546
40.5111339594019
40.5234762453646
40.535814772221784
40.54814954340647
40.56048056234643
40.57280783246423
40.58513135717725
40.597451139897665
40.60976718403248
40.62207949298353
40.634388070147494
40.6466929189159
40.65899404267516
40.671291444806535
40.6835851286862
40.6958750976852
40.70816135516952
40.72044390450005
40.732722749032604
40.74499789211795
40.757269337101796
40.76953708732482
40.78180114612267
40.79406151682598
40.806318202760366
40.81857120724647
40.83082053359994
40.84306618513145
40.8553081651467
40.86754647694645
40.87978112382651
40.89201210907777
40.90423943598617
40.91646310783276
40.92868312789369
Current segment is :  1985
40.94089949944021
40.95311222573868
40.96532131005061
40.97752675563264
40.98972856573655
41.00192674360928
41.01412129249296
41.02631221562488
41.03849951623752
41.05068319755858
41.06286326281093
41.0750397152127
41.087212557977224
41.09938179431309
41.11154742742413
