1.0
Current segment is :  0
2.5
Current segment is :  1
4.0
5.5
7.0
Current segment is :  4
8.5
10.0
11.5
13.0
14.5
16.0
17.5
Current segment is :  11
19.0
20.5
22.0
23.5
25.0
26.5
28.0
29.5
31.0
32.5
34.0
35.5
37.0
38.5
40.0
41.5
43.0
44.5
Current segment is :  29
46.0
47.5
49.0
50.5
52.0
53.5
55.0
56.5
58.0
59.5
61.0
62.5
64.0
65.5
67.0
68.5
70.0
71.5
73.0
74.5
76.0
77.5
79.0
80.5
82.0
83.5
85.0
86.5
88.0
89.5
91.0
92.5
94.0
95.5
97.0
98.5
100.0
101.5
103.0
104.5
106.0
107.5
109.0
110.5
112.0
Current segment is :  74
113.5
115.0
116.5
118.0
119.5
121.0
122.5
124.0
125.5
127.0
128.5
130.0
131.5
133.0
134.5
136.0
137.5
139.0
140.5
142.0
143.5
145.0
146.5
148.0
149.5
151.0
152.5
154.0
155.5
157.0
158.5
160.0
161.5
163.0
164.5
166.0
167.5
169.0
170.5
172.0
173.5
175.0
176.5
178.0
179.5
181.0
182.5
184.0
185.5
187.0
188.5
190.0
191.5
193.0
194.5
196.0
197.5
199.0
200.5
202.0
203.5
205.0
206.5
208.0
209.5
211.0
212.5
214.0
215.5
217.0
218.5
220.0
221.5
223.0
224.5
226.0
227.5
229.0
230.5
232.0
233.5
235.0
236.5
238.0
239.5
241.0
242.5
244.0
245.5
247.0
248.5
250.0
251.5
253.0
254.5
256.0
257.5
259.0
260.5
262.0
263.5
265.0
266.5
268.0
269.5
271.0
272.5
274.0
275.5
277.0
278.5
280.0
Current segment is :  186
281.5
283.0
284.5
286.0
287.5
289.0
290.5
292.0
293.5
295.0
296.5
298.0
299.5
301.0
302.5
304.0
305.5
307.0
308.5
310.0
311.5
313.0
314.5
316.0
317.5
319.0
320.5
322.0
323.5
325.0
326.5
328.0
329.5
331.0
332.5
334.0
335.5
337.0
338.5
340.0
341.5
343.0
344.5
346.0
347.5
349.0
350.5
352.0
353.5
355.0
356.5
358.0
359.5
361.0
362.5
364.0
365.5
367.0
368.5
370.0
371.5
373.0
374.5
376.0
377.5
379.0
380.5
382.0
383.5
385.0
386.5
388.0
389.5
391.0
392.5
394.0
395.5
397.0
398.5
400.0
401.5
403.0
404.5
406.0
407.5
409.0
410.5
412.0
413.5
415.0
416.5
418.0
419.5
421.0
422.5
424.0
425.5
427.0
428.5
430.0
431.5
433.0
434.5
436.0
437.5
439.0
440.5
442.0
443.5
445.0
446.5
448.0
449.5
451.0
452.5
454.0
455.5
457.0
458.5
460.0
461.5
463.0
464.5
466.0
467.5
469.0
470.5
472.0
473.5
475.0
476.5
478.0
479.5
481.0
482.5
484.0
485.5
487.0
488.5
490.0
491.5
493.0
494.5
496.0
497.5
499.0
500.5
502.0
503.5
505.0
506.5
508.0
509.5
511.0
512.5
512.5009756097561
512.501951217655
512.5029268236967
512.5039024278813
512.5048780302086
512.5058536306789
512.506829229292
512.507804826048
512.5087804209468
512.5097560139885
512.5107316051732
512.5117071945007
512.5126827819711
512.5136583675844
512.5146339513408
512.5156095332401
512.5165851132823
512.5175606914676
512.5185362677958
512.519511842267
512.5204874148811
512.5214629856383
512.5224385545386
512.5234141215818
512.5243896867681
512.5253652500975
512.52634081157
512.5273163711855
512.5282919289442
512.529267484846
512.5302430388908
512.5312185910788
512.5321941414098
512.5331696898841
512.5341452365014
512.535120781262
512.5360963241658
512.5370718652127
512.5380474044028
512.5390229417362
512.5399984772127
512.5409740108325
512.5419495425956
512.5429250725019
512.5439006005515
512.5448761267444
512.5458516510805
512.5468271735599
512.5478026941826
512.5487782129486
512.5497537298579
512.5507292449106
512.5517047581066
512.5526802694459
512.5536557789286
512.5546312865547
512.5556067923242
512.556582296237
512.5575577982934
512.5585332984931
512.5595087968362
512.5604842933228
512.5614597879529
512.5624352807264
512.5634107716434
512.5643862607038
512.5653617479078
512.5663372332552
512.5673127167462
512.5682881983807
512.5692636781588
512.5702391560803
512.5712146321455
512.5721901063542
512.5731655787065
512.5741410492024
512.5751165178418
512.5760919846249
512.5770674495516
512.5780429126219
512.5790183738359
512.5799938331935
512.5809692906948
512.5819447463398
512.5829202001285
512.5838956520608
512.584871102137
512.5858465503567
512.5868219967202
512.5877974412275
512.5887728838785
512.5897483246732
512.5907237636118
512.591699200694
512.5926746359202
512.5936500692901
512.5946255008038
512.5956009304613
512.5965763582626
512.5975517842078
512.5985272082968
512.5995026305297
512.6004780509065
512.6014534694272
512.6024288860917
512.6034043009003
512.6043797138526
512.6053551249489
512.6063305341892
512.6073059415734
512.6082813471015
512.6092567507736
512.6102321525898
512.6112075525499
512.6121829506541
512.6131583469022
512.6141337412944
512.6151091338306
512.6160845245108
512.6170599133351
512.6180353003034
512.6190106854158
512.6199860686723
512.620961450073
512.6219368296177
Current segment is :  466
512.6229122073065
512.6238875831395
512.6248629571166
512.6258383292379
512.6268136995034
512.627789067913
512.6287644344668
512.6297397991648
512.6307151620069
512.6316905229934
512.632665882124
512.6336412393989
512.634616594818
512.6355919483814
512.636567300089
512.637542649941
512.6385179979372
512.6394933440778
512.6404686883626
512.6414440307917
512.6424193713651
512.6433947100829
512.644370046945
512.6453453819515
512.6463207151024
512.6472960463977
512.6482713758375
512.6492467034216
512.6502220291501
512.651197353023
512.6521726750403
512.6531479952022
512.6541233135084
512.6550986299592
512.6560739445544
512.657049257294
512.6580245681782
512.658999877207
512.6599751843802
512.6609504896979
512.6619257931602
512.6629010947671
512.6638763945185
512.6648516924146
512.6658269884551
512.6668022826403
512.6677775749702
512.6687528654445
512.6697281540635
512.6707034408272
512.6716787257355
512.6726540087885
512.6736292899861
512.6746045693285
512.6755798468155
512.6765551224472
512.6775303962237
512.6785056681448
512.6794809382106
512.6804562064212
512.6814314727766
512.6824067372768
512.6833819999217
512.6843572607114
512.685332519646
512.6863077767252
512.6872830319494
512.6882582853184
512.6892335368321
512.6902087864908
512.6911840342942
512.6921592802425
512.6931345243358
512.694109766574
512.695085006957
512.696060245485
512.6970354821578
512.6980107169757
512.6989859499384
512.6999611810462
512.7009364102989
512.7019116376966
512.7028868632393
512.703862086927
512.7048373087596
512.7058125287373
512.70678774686
512.7077629631277
512.7087381775406
512.7097133900984
512.7106886008013
512.7116638096493
512.7126390166424
512.7136142217806
512.714589425064
512.7155646264924
512.7165398260661
512.7175150237848
512.7184902196487
512.7194654136578
512.720440605812
512.7214157961114
512.722390984556
512.7233661711458
512.7243413558808
512.7253165387611
512.7262917197867
512.7272668989575
512.7282420762735
512.7292172517349
512.7301924253416
512.7311675970934
512.7321427669906
512.7331179350331
512.7340931012209
512.7350682655541
512.7360434280326
512.7370185886565
512.7379937474258
512.7389689043404
512.7399440594004
512.7409192126058
512.7418943639567
512.742869513453
512.7438446610947
512.7448198068819
512.7457949508145
512.7467700928925
512.747745233116
512.748720371485
512.7496955079995
512.7506706426595
512.751645775465
512.752620906416
512.7535960355126
512.7545711627547
512.7555462881425
512.7565214116757
512.7574965333546
512.7584716531791
512.7594467711491
512.7604218872648
512.761397001526
512.7623721139329
512.7633472244854
512.7643223331836
512.7652974400274
512.7662725450169
512.7672476481522
512.7682227494331
512.7691978488598
512.7701729464321
512.7711480421502
512.7721231360141
512.7730982280236
512.7740733181789
512.77504840648
512.7760234929268
512.7769985775195
512.777973660258
512.7789487411422
512.7799238201724
512.7808988973483
512.78187397267
512.7828490461377
512.7838241177512
512.7847991875107
512.785774255416
512.7867493214671
512.7877243856642
512.7886994480072
512.7896745084961
512.7906495671309
512.7916246239117
512.7925996788385
512.7935747319112
512.7945497831299
512.7955248324946
512.7964998800053
512.7974749256621
512.7984499694649
512.7994250114136
512.8004000515085
512.8013750897494
512.8023501261364
512.8033251606695
512.8043001933486
512.8052752241738
512.8062502531451
512.8072252802625
512.8082003055262
512.8091753289359
512.8101503504918
512.8111253701938
512.812100388042
512.8130754040365
512.8140504181771
512.8150254304638
512.8160004408968
512.816975449476
512.8179504562015
512.8189254610733
512.8199004640912
512.8208754652554
512.821850464566
512.8228254620228
512.8238004576259
512.8247754513753
512.8257504432711
512.8267254333132
512.8277004215016
512.8286754078364
512.8296503923175
512.830625374945
512.8316003557189
512.8325753346392
512.8335503117058
512.834525286919
512.8355002602785
512.8364752317844
512.8374502014368
512.8384251692357
512.8394001351811
512.8403750992729
512.8413500615112
512.842325021896
512.8432999804273
512.8442749371052
512.8452498919296
512.8462248449005
512.8471997960179
512.8481747452819
512.8491496926924
512.8501246382497
512.8510995819535
512.8520745238038
512.8530494638009
512.8540244019445
512.8549993382347
512.8559742726717
512.8569492052553
512.8579241359855
512.8588990648624
512.859873991886
512.8608489170564
512.8618238403734
512.8627987618371
512.8637736814476
512.8647485992049
512.8657235151088
512.8666984291596
512.8676733413571
512.8686482517014
512.8696231601925
512.8705980668304
512.8715729716151
512.8725478745467
512.8735227756251
512.8744976748503
512.8754725722224
512.8764474677414
512.8774223614073
512.87839725322
512.8793721431796
512.8803470312862
512.8813219175397
512.8822968019401
512.8832716844875
512.8842465651818
512.885221444023
512.8861963210113
512.8871711961466
512.8881460694288
512.889120940858
512.8900958104342
512.8910706781575
512.8920455440278
512.8930204080452
512.8939952702096
512.8949701305212
512.8959449889797
512.8969198455854
512.8978947003383
512.8988695532381
512.8998444042851
512.9008192534792
512.9017941008206
512.902768946309
512.9037437899447
512.9047186317274
512.9056934716574
512.9066683097345
512.9076431459589
512.9086179803305
512.9095928128494
512.9105676435155
512.9115424723288
512.9125172992894
512.9134921243973
512.9144669476524
512.9154417690548
512.9164165886045
512.9173914063016
512.918366222146
512.9193410361377
512.9203158482767
512.9212906585631
512.9222654669968
512.923240273578
512.9242150783066
512.9251898811825
512.9261646822059
512.9271394813767
512.9281142786949
512.9290890741605
512.9300638677736
512.9310386595341
512.9320134494421
512.9329882374976
512.9339630237006
512.9349378080511
512.9359125905492
512.9368873711946
512.9378621499877
512.9388369269284
512.9398117020165
512.9407864752523
512.9417612466356
512.9427360161665
512.943710783845
512.9446855496711
512.9456603136449
512.9466350757663
512.9476098360353
512.948584594452
512.9495593510163
512.9505341057284
512.9515088585881
512.9524836095954
512.9534583587505
512.9544331060533
512.9554078515039
512.9563825951021
512.9573573368482
512.958332076742
512.9593068147835
512.9602815509728
512.9612562853099
512.9622310177948
512.9632057484275
512.9641804772081
512.9651552041364
512.9661299292126
512.9671046524367
512.9680793738086
512.9690540933284
512.970028810996
512.9710035268116
512.9719782407751
512.9729529528865
512.9739276631459
512.9749023715532
512.9758770781084
512.9768517828115
512.9778264856627
512.9788011866618
512.979775885809
512.980750583104
512.9817252785472
512.9826999721383
512.9836746638775
512.9846493537648
512.9856240418001
512.9865987279834
512.9875734123148
512.9885480947943
512.9895227754218
512.9904974541976
512.9914721311213
512.9924468061932
512.9934214794133
512.9943961507815
512.9953708202979
512.9963454879625
512.9973201537751
512.9982948177361
512.9992694798452
513.0002441401026
513.0012187985081
513.002193455062
513.003168109764
513.0041427626143
513.0051174136128
513.0060920627595
513.0070667100547
513.0080413554981
513.0090159990898
513.0099906408299
513.0109652807182
513.0119399187549
513.0129145549399
513.0138891892733
513.0148638217551
513.0158384523852
513.0168130811637
513.0177877080906
513.018762333166
513.0197369563898
513.020711577762
513.0216861972826
513.0226608149518
513.0236354307693
513.0246100447354
513.0255846568499
513.0265592671129
513.0275338755245
513.0285084820845
513.0294830867931
513.0304576896502
513.0314322906559
513.0324068898101
513.0333814871129
513.0343560825643
513.0353306761642
513.0363052679128
513.03727985781
513.0382544458557
513.0392290320501
513.0402036163932
513.041178198885
513.0421527795254
513.0431273583145
513.0441019352522
513.0450765103387
513.0460510835738
513.0470256549577
513.0480002244902
513.0489747921716
513.0499493580018
513.0509239219806
513.0518984841083
513.0528730443847
513.0538476028099
513.0548221593839
513.0557967141067
513.0567712669783
513.0577458179988
513.0587203671681
513.0596949144863
513.0606694599533
513.0616440035692
513.062618545334
513.0635930852477
513.0645676233103
513.0655421595218
513.0665166938822
513.0674912263917
513.06846575705
513.0694402858574
513.0704148128136
513.0713893379188
513.0723638611731
513.0733383825764
513.0743129021287
513.0752874198299
513.0762619356802
513.0772364496796
513.0782109618281
513.0791854721256
513.0801599805721
513.0811344871678
513.0821089919125
513.0830834948064
513.0840579958493
513.0850324950414
513.0860069923827
513.0869814878731
513.0879559815127
513.0889304733014
513.0899049632393
513.0908794513264
513.0918539375626
513.0928284219482
513.0938029044829
513.0947773851669
513.0957518640001
513.0967263409826
513.0977008161144
513.0986752893955
513.0996497608259
513.1006242304055
513.1015986981345
513.1025731640127
513.1035476280402
513.1045220902172
513.1054965505434
513.1064710090191
513.1074454656441
513.1084199204184
513.1093943733422
513.1103688244153
513.1113432736379
513.1123177210098
513.1132921665313
513.1142666102022
513.1152410520225
513.1162154919923
513.1171899301116
513.1181643663804
513.1191388007986
513.1201132333664
513.1210876640837
513.1220620929505
Current segment is :  979
513.1230365199668
513.1240109451328
513.1249853684483
513.1259597899133
513.1269342095279
513.1279086272922
513.128883043206
513.1298574572694
513.1308318694824
513.1318062798451
513.1327806883575
513.1337550950195
513.1347294998312
513.1357039027926
513.1366783039036
513.1376527031643
513.1386271005748
513.139601496135
513.140575889845
513.1415502817047
513.1425246717141
513.1434990598733
513.1444734461822
513.1454478306409
513.1464222132495
513.1473965940078
513.1483709729159
513.1493453499738
513.1503197251816
513.1512940985392
513.1522684700467
513.153242839704
513.1542172075112
513.1551915734684
513.1561659375755
513.1571402998323
513.1581146602392
513.159089018796
513.1600633755027
513.1610377303593
513.162012083366
513.1629864345226
513.1639607838292
513.1649351312858
513.1659094768924
513.166883820649
513.1678581625556
513.1688325026123
513.169806840819
513.1707811771757
513.1717555116826
513.1727298443395
513.1737041751466
513.1746785041037
513.1756528312109
513.1766271564682
513.1776014798756
513.1785758014332
513.179550121141
513.1805244389989
513.1814987550069
513.1824730691652
513.1834473814737
513.1844216919324
513.1853960005412
513.1863703073003
513.1873446122097
513.1883189152693
513.1892932164791
513.1902675158392
513.1912418133496
513.1922161090104
513.1931904028213
513.1941646947826
513.1951389848941
513.1961132731561
513.1970875595684
513.1980618441311
513.199036126844
513.2000104077074
513.2009846867212
513.2019589638853
513.2029332391999
513.2039075126648
513.2048817842802
513.2058560540461
513.2068303219623
513.207804588029
513.2087788522463
513.2097531146139
513.2107273751321
513.2117016338008
513.21267589062
513.2136501455897
513.2146243987099
513.2155986499807
513.2165728994021
513.217547146974
513.2185213926964
513.2194956365695
513.2204698785931
513.2214441187674
513.2224183570922
513.2233925935677
513.2243668281939
513.2253410609707
513.2263152918981
513.2272895209762
513.228263748205
513.2292379735844
513.2302121971146
513.2311864187955
513.2321606386271
513.2331348566094
513.2341090727424
513.2350832870262
513.2360574994608
513.2370317100462
51.32370317100462
51.33344525836597
51.343185496869026
51.352923887566085
51.362660431508445
51.372395129746415
51.382127983329305
51.391858993305426
51.4015881607221
51.41131548662566
51.42104097206145
51.43076461807382
51.44048642570614
51.45020639600079
51.45992452999916
51.46964082874166
51.47935529326772
51.489067924615796
51.49877872382335
51.508487691926874
51.51819482996188
51.527900138962906
51.53760361996352
51.54730527399631
51.557005102092894
51.56670310528392
51.57639928459907
51.58609364106705
51.59578617571562
51.605476889571534
51.61516578366062
51.62485285900773
51.634538116636755
51.644221557570624
51.65390318283131
51.66358299343982
51.67326099041621
51.68293717477958
51.69261154754808
51.70228410973891
51.71195486236831
51.72162380645156
51.73129094300302
51.74095627303607
51.75061979756317
51.760281517595814
51.76994143414457
51.779599548219046
51.78925586082792
51.79891037297893
51.80856308567886
51.81821399993358
51.827863116748006
51.83751043712611
51.84715596207096
51.85679969258466
51.8664416296684
51.87608177432244
51.88572012754609
51.895356690337756
51.904991463694905
51.914624448614084
51.92425564609091
51.93388505712009
51.94351268269538
51.953138523809635
51.96276258145479
51.972384856621865
51.982005350300945
51.99162406348122
52.001240997150944
52.01085615229748
52.02046952990726
52.03008113096581
52.03969095645775
52.04929900736678
52.0589052846757
52.068509789366416
52.0781125224199
52.08771348481624
52.09731267753461
52.10691010155329
52.11650575784965
52.126099647400174
52.13569177118043
52.14528213016511
52.15487072532798
52.16445755764194
52.17404262807898
52.1836259376102
52.19320748720581
52.20278727783513
52.21236531046658
52.221941586067715
52.23151610560517
52.241088870044734
52.25065988035127
52.260229137488786
52.269796642420395
52.27936239610833
52.288926399513954
52.29848865359773
52.30804915931926
52.31760791763726
52.32716492950958
52.33672019589318
52.346273717744154
52.35582549601774
52.36537553166827
52.37492382564923
52.38447037891324
52.39401519241204
52.4035582670965
52.413099603916635
52.42263920382159
52.432177067759646
52.44171319667823
52.45124759152389
52.460780253242326
52.47031118277838
52.47984038107603
52.4893678490784
52.49889358772775
52.5084175979655
52.5179398807322
52.527460436967566
52.53697926761044
52.546496373598835
52.5560117558699
52.56552541535994
52.57503735300442
52.584547569737936
52.59405606649427
52.60356284420633
52.613067903806204
52.62257124622513
52.6320728723935
52.64157278324087
52.65107097969595
52.660567462686636
52.67006223313996
52.679555291982126
52.689046640138514
52.69853627853366
52.708024208091274
52.717510429734226
52.72699494438456
52.73647775296349
52.745958856391404
52.75543825558787
52.764915951471615
52.77439194496054
52.78386623697174
52.79333882842147
52.80280972022517
52.812278913297455
52.82174640855212
52.83121220690216
52.84067630925971
52.85013871653614
52.85959942964196
52.86905844948689
52.87851577697983
52.887971413028865
52.89742535854126
52.90687761442349
52.91632818158121
52.92577706091925
52.93522425334166
52.94466975975166
52.954113581051686
52.963555718143354
52.97299617192748
52.98243494330407
52.99187203317235
53.001307442430715
53.01074117197678
53.02017322270737
53.02960359551849
53.03903229130535
53.04845931096238
53.057884655383205
53.06730832546066
53.07673032208678
53.086150646152824
53.09556929854924
53.104986280165704
53.11440159189109
53.12381523461349
53.1332272092202
53.14263751659775
53.15204615763187
53.16145313320751
53.17085844420883
53.180262091519225
53.18966407602129
53.19906439859684
53.20846306012693
53.21786006149183
53.227255403571014
53.2366490872432
53.24604111338633
53.25543148287756
53.264820196593284
53.27420725540912
53.2835926601999
53.29297641183971
53.30235851120185
53.31173895915886
53.3211177565825
53.33049490434378
53.33987040331293
53.34924425435943
53.358616458351975
53.367987016158516
53.37735592864623
53.386723196681544
53.396088821130114
53.40545280285684
53.41481514272588
53.4241758416006
53.43353490034364
53.44289231981687
53.45224810088141
53.461602244397625
53.47095475122513
53.48030562222278
53.48965485824869
53.49900246016022
53.50834842881398
53.51769276506583
53.52703546977089
53.53637654378352
53.54571598795735
53.55505380314526
53.56438999019939
53.573724549971125
53.583057483311116
53.592388791069276
53.601718474094774
53.61104653323604
53.62037296934077
53.62969778325592
53.639020975827705
53.64834254790161
53.65766250032239
53.66698083393405
53.67629754957988
53.68561264810243
53.69492613034352
53.70423799714423
53.71354824934494
53.72285688778526
53.73216391330411
53.74146932673966
53.75077312892937
53.76007532070995
53.76937590291742
53.77867487638705
53.787972241953405
53.79726800045032
53.80656215271092
53.81585469956758
53.82514564185199
53.83443498039511
53.84372271602718
53.85300884957773
53.86229338187558
53.87157631374881
53.880857646024815
53.89013737953026
53.89941551509111
53.908692053532604
53.917966995679286
53.92724034235499
53.936512094382834
53.945782252585225
53.95505081778387
53.964317790799775
53.97358317245323
53.98284696356383
53.992109164950456
54.0013697774313
54.01062880182384
54.01988623894487
54.02914208961047
54.03839635463601
54.04764903483619
54.056900131024996
54.06614964401572
54.07539757462095
54.0846439236526
54.09388869192187
54.10313188023927
54.11237348941462
54.121613520257064
54.130851973575034
54.14008885017628
54.149324150867855
54.158557876456136
54.167790027746804
54.17702060554486
54.18624961065462
54.195477043879706
54.20470290602306
54.21392719788694
54.223149920272924
54.23237107398191
54.2415906598141
54.250808678569044
54.26002513104559
54.269240018041906
54.2784533403555
54.28766509878319
54.296875294121115
54.30608392716476
54.3152909987089
54.32449650954768
54.33370046047453
54.34290285228224
54.35210368576291
54.36130296170798
54.3705006809082
54.37969684415368
54.38889145223384
54.39808450593745
54.40727600605259
54.4164659533667
54.42565434866655
54.43484119273822
54.44402648636716
54.45321023033814
54.46239242543527
54.471573072442
54.48075217214112
54.48992972531477
54.499105732744404
54.50828019521085
54.51745311349426
54.52662448837414
54.53579432062933
54.54496261103802
54.55412936037774
54.56329456942539
54.57245823895718
54.5816203697487
54.59078096257487
54.59994001820997
54.60909753742764
54.61825352100084
54.627407969701906
54.636560884302526
54.645712265573735
54.654862114285926
54.664010431208844
54.673157217111594
54.682302472762636
54.69144619892978
54.70058839638021
54.70972906588045
54.7188682081964
54.7280058240933
54.73714191433579
54.74627647968782
54.75540952091274
54.76454103877326
54.77367103403143
54.78279950744869
54.79192645978584
54.80105189180304
54.81017580425981
54.81929819791507
54.82841907352706
54.83753843185343
54.846656273651185
54.8557725996767
54.86488741068572
54.87400070743337
54.88311249067414
54.89222276116189
54.90133151964987
54.9104387668907
54.91954450363636
54.92864873063822
54.937751448647035
54.946852658412915
54.95595236068537
54.965050556213285
54.97414724574491
54.98324243002789
54.99233610980926
55.001428285835416
55.01051895885215
55.01960812960464
55.02869579883744
55.03778196729449
Current segment is :  1493
55.04686663571913
55.05594980485405
55.06503147544138
55.07411164822259
55.083190323938574
55.092267503329595
55.101343187135306
55.110417376094766
55.11949007094641
55.12856127242807
55.13763098127698
55.14669919822975
55.1557659240224
55.16483115939033
55.17389490506836
55.182957161790675
55.19201793029089
55.201077211301985
55.21013500555636
55.219191313785814
55.22824613672154
55.23729947509412
55.246351329633555
55.255401701069246
55.26445059013
55.273497997544
55.28254392403887
55.291588370341614
55.30063133717865
55.309672825275804
55.3187128353583
55.32775136815077
55.336788424377275
55.34582400476126
55.35485811002559
55.363890740892536
55.37292189808378
55.381951582320426
55.39097979432297
55.40000653481135
55.40903180450488
55.418055604122316
55.42707793438182
55.43609879600097
55.445118189696764
55.45413611618561
55.46315257618333
55.47216757040518
55.48118109956583
55.49019316437935
55.49920376555925
55.50821290381846
55.517220579869324
55.526226794423614
55.53523154819251
55.54423484188664
Current segment is :  1549
55.553236676216045
55.56223705189018
55.57123596961794
55.58023343010763
55.589229434067
55.598223982203216
55.60721707522288
55.61620871383201
55.625198898736066
55.634187630639936
55.64317491024793
55.65216073826379
55.661145115390696
55.670128042331264
55.67910951978754
55.688089548460994
55.69706812905254
55.70604526226252
55.71502094879072
55.723995189336364
55.732967984598105
55.74193933527403
55.75090924206168
55.75987770565801
55.76884472675945
55.77781030606183
55.78677444426045
55.795737142050044
55.80469840012478
55.81365821917827
55.82261659990359
55.831573542993226
55.840529049139136
55.849483119032705
55.85843575336478
55.86738695282564
55.876336718105016
55.88528504989209
55.89423194887549
55.90317741574329
55.912121451183026
55.92106405588166
55.93000523052562
55.938944975800794
55.947883292392504
55.95682018098554
55.96575564226412
55.97468967691195
55.98362228561217
55.99255346904737
56.00148322789962
56.010411562850415
56.01933847458073
56.02826396377098
56.03718803110106
56.046110677250304
Current segment is :  1605
56.05503190289751
56.06395170872094
56.072870095398315
56.08178706360682
56.09070261402309
56.09961674732323
56.108529464182816
56.11744076527687
56.12635065127989
56.13525912286584
56.14416618070814
56.153071825479685
56.16197605785283
56.1708788784994
56.17978028809069
56.18868028729745
56.19757887678992
56.206476057237786
56.21537182931022
56.22426619367587
56.23315915100282
56.24205070195868
56.250940847210494
56.25982958742478
56.26871692326755
56.27760285540426
56.28648738449987
56.2953705112188
56.30425223622495
56.31313256018169
56.322011483751886
56.330889007597854
56.33976513238141
56.34863985876383
56.35751318740589
56.366385118967834
56.37525565410939
56.384124793489754
56.39299253776762
56.40185888760116
56.41072384364802
56.41958740656535
56.42844957700975
56.437310355637344
56.44616974310371
56.45502774006392
56.46388434717254
56.472739565083614
56.48159339445068
56.49044583592676
56.49929689016436
56.50814655781548
56.51699483953161
56.52584173596373
56.53468724776231
56.5435313755773
56.55237412005817
Current segment is :  1662
56.56121548185385
56.57005546161278
56.57889405998289
56.58773127761161
56.596567115145845
56.605401573232015
56.61423465251603
56.6230663536433
56.63189667725872
56.64072562400669
56.64955319453111
56.658379389475364
56.66720420948236
56.676027655194474
56.684849727253614
56.69367042630117
56.70248975297803
56.7113077079246
56.72012429178077
56.72893950518594
56.73775334877902
56.74656582319842
56.75537692908203
56.76418666706729
56.77299503779112
56.78180204188994
56.79060767999968
56.79941195275579
56.808214860793214
56.81701640474641
56.82581658524935
56.8346154029355
56.84341285843784
56.852208952388864
56.861003685420584
56.869797058164515
56.87858907125168
56.88737972531263
56.8961690209774
56.90495695887557
56.913743539636215
56.922528763887925
56.93131263225881
56.940095145376496
56.948876303868126
56.957656108360354
56.96643455947935
56.975211657850814
56.98398740409995
56.99276179885148
57.00153484272966
57.01030653635826
57.01907688036055
57.02784587535935
57.03661352197698
57.0453798208353
57.054144772555674
Current segment is :  1719
57.062908377759
57.071670637065694
57.0804315510957
57.08919112046848
57.09794934580302
57.10670622771785
57.115461766831004
57.124215963760044
57.13296881912207
57.141720333533705
57.1504705076111
57.15921934196992
57.167966837225386
57.176712993992226
57.18545781288471
57.19420129451663
57.20294343950132
57.211684248451625
57.22042372197995
57.229161860698206
57.23789866521785
57.24663413614987
57.25536827410479
57.264101079692665
57.27283255352309
57.281562696205185
57.290291508347615
57.29901899055858
57.307745143445814
57.316469967616584
57.32519346367771
57.33391563223553
57.34263647389594
57.35135598926436
57.360074178945766
57.368791043544654
57.377506583665074
57.38622079991062
57.39493369288441
57.40364526318912
57.41235551142697
57.42106443819972
57.42977204410867
57.43847832975465
57.44718329573807
57.455886942658864
57.4645892711165
57.473290281710014
57.481989975037976
57.49068835169851
57.499385412289286
57.50808115740751
57.51677558764995
57.52546870361293
57.5341605058923
57.542850995083484
57.55154017178143
57.56022803658067
Current segment is :  1777
57.568914590075245
57.57759983285879
57.58628376552447
57.59496638866501
57.60364770287267
57.61232770873929
57.62100640685626
57.62968379781451
57.638359882204526
57.64703466061636
57.65570813363963
57.664380301863474
57.67305116587662
57.68172072626735
57.690388983623485
57.69905593853242
57.707721591581105
57.71638594335605
57.72504899444333
57.73371074542855
57.742371196896926
57.7510303494332
57.759688203621685
57.768344760046254
57.77700001929034
57.785653981936946
57.794306648568636
57.80295801976754
57.81160809611534
57.820256878193305
57.82890436658225
57.837550561862564
57.8461954646142
57.85483907541667
57.863481394849074
57.87212242349006
57.88076216191785
57.88940061071024
57.89803777044458
57.90667364169781
57.91530822504642
57.92394152106648
57.932573530333634
57.941204253423095
57.94983369090964
57.95846184336763
57.967088711370984
57.975714295493205
57.98433859630736
57.992961614386104
58.00158335030166
58.01020380462582
58.01882297792995
58.027440870785
58.036057483761496
58.044672817429536
58.05328687235879
58.061899649118516
Current segment is :  1835
58.07051114827755
58.07912137040429
58.087730316066725
58.09633798583243
58.10494438026854
58.1135494999418
58.122153345418496
58.13075591726453
58.13935721604536
58.147957242326044
58.15655599667121
58.16515347964507
58.17374969181143
58.18234463373367
58.190938305974754
58.19953070909723
58.208121843663235
58.216711710234485
58.22530030937229
58.23388764163753
58.24247370759069
58.25105850779183
58.25964204280061
58.26822431317626
58.27680531947762
58.28538506226309
58.29396354209068
58.30254075951799
58.311116715102195
58.31969140940007
58.32826484296799
58.336837016361905
58.34540793013736
58.353977584849495
58.362545981053046
58.37111311930233
58.37967900015127
58.388243624153375
58.39680699186175
58.4053691038291
58.41392996060772
58.42248956274949
58.4310479108059
58.43960500532803
58.448160846866564
58.45671543597177
58.46526877319353
58.4738208590813
58.48237169418416
58.49092127905077
58.49946961422939
58.5080167002679
58.51656253771376
58.52510712711403
58.533650469015384
58.54219256396408
58.550733412505984
58.55927301518658
58.56781137255092
Current segment is :  1894
58.5763484851437
58.58488435350918
58.59341897819126
58.60195235973341
58.61048449867872
58.619015395569896
58.62754505094923
58.63607346535863
58.64460063933959
58.653126573433255
58.66165126818033
58.670174724121146
58.67869694179565
58.68721792174338
58.6957376645035
58.704256170614755
58.712773440615535
58.72128947504381
58.72980427443718
58.738317839332844
58.746830170267614
58.75534126777791
58.76385113239977
58.77235976466884
58.780867165120384
58.789373334289266
58.79787827270997
58.806381980916605
58.814884459442865
58.82338570882209
58.83188572958721
58.840384522270796
58.84888208740501
58.85737842552163
58.865873537152076
58.874367422827355
58.88286008307811
58.89135151843458
58.89984172942666
58.908330716583826
58.91681848043518
58.92530502150946
58.933790340335
58.94227443743978
58.950757313351374
58.95923896859699
58.96771940370346
58.97619861919723
58.984676615604364
58.993153393450555
59.00162895326112
59.01010329556099
59.01857642087473
59.02704832972652
59.035519022640166
59.0439885001391
59.052456762746374
59.06092381098467
59.06938964537629
Current segment is :  1953
59.07785426644317
59.08631767470686
59.094779870688555
59.10324085490906
59.11170062788881
59.12015919014787
59.12861654220593
59.13707268458233
59.145527617796
59.15398134236552
59.16243385880911
59.1708851676446
59.17933526938946
59.18778416456079
59.196231853675314
59.204678337249405
59.21312361579905
59.221567689839866
59.23001055988712
59.2384522264557
59.24689269006013
59.25533195121456
59.263770010432786
59.27220686822823
59.280642525113954
59.28907698160265
59.29751023820665
59.30594229543791
59.31437315380804
59.322802813828275
59.33123127600949
59.339658540862196
59.34808460889654
59.35650948062231
59.36493315654892
59.373355637185455
59.381776923040604
59.39019701462271
59.398615912439745
59.40703361699934
59.415450128808764
59.423865448374904
59.43227957620431
59.44069251280316
59.44910425867729
59.457514814332164
59.46592418027289
