4.0
Current segment is :  0
5.5
7.0
8.5
10.0
Current segment is :  4
11.5
13.0
14.5
16.0
17.5
19.0
20.5
22.0
23.5
25.0
Current segment is :  14
26.5
28.0
29.5
31.0
32.5
34.0
35.5
37.0
38.5
40.0
41.5
43.0
44.5
46.0
47.5
49.0
50.5
52.0
53.5
55.0
56.5
58.0
59.5
61.0
62.5
Current segment is :  39
64.0
65.5
67.0
68.5
70.0
71.5
73.0
74.5
76.0
77.5
79.0
80.5
82.0
83.5
85.0
86.5
88.0
89.5
91.0
92.5
94.0
95.5
97.0
98.5
100.0
101.5
103.0
104.5
106.0
107.5
109.0
110.5
112.0
113.5
115.0
116.5
118.0
119.5
121.0
122.5
124.0
125.5
127.0
128.5
130.0
131.5
133.0
134.5
136.0
137.5
139.0
140.5
142.0
143.5
145.0
146.5
148.0
149.5
151.0
152.5
154.0
155.5
157.0
Current segment is :  102
158.5
160.0
161.5
163.0
164.5
166.0
167.5
169.0
170.5
172.0
173.5
175.0
176.5
178.0
179.5
181.0
182.5
184.0
185.5
187.0
188.5
190.0
191.5
193.0
194.5
196.0
197.5
199.0
200.5
202.0
203.5
205.0
206.5
208.0
209.5
211.0
212.5
214.0
215.5
217.0
218.5
220.0
221.5
223.0
224.5
226.0
227.5
229.0
230.5
232.0
233.5
235.0
236.5
238.0
239.5
241.0
242.5
244.0
245.5
247.0
248.5
250.0
251.5
253.0
254.5
256.0
257.5
259.0
260.5
262.0
263.5
265.0
266.5
268.0
269.5
271.0
272.5
274.0
275.5
277.0
278.5
280.0
281.5
283.0
284.5
286.0
287.5
289.0
290.5
292.0
293.5
295.0
296.5
298.0
299.5
301.0
302.5
304.0
305.5
307.0
308.5
310.0
311.5
313.0
314.5
316.0
317.5
319.0
320.5
322.0
323.5
325.0
326.5
328.0
329.5
331.0
332.5
334.0
335.5
337.0
338.5
340.0
341.5
343.0
344.5
346.0
347.5
349.0
350.5
352.0
353.5
355.0
356.5
358.0
359.5
361.0
362.5
364.0
365.5
367.0
368.5
370.0
371.5
373.0
374.5
376.0
377.5
379.0
380.5
382.0
383.5
385.0
386.5
388.0
389.5
391.0
392.5
Current segment is :  259
394.0
395.5
397.0
398.5
400.0
401.5
403.0
404.5
406.0
407.5
409.0
410.5
412.0
413.5
415.0
416.5
418.0
419.5
421.0
422.5
424.0
425.5
427.0
428.5
430.0
431.5
433.0
434.5
436.0
437.5
439.0
440.5
442.0
443.5
445.0
446.5
448.0
449.5
451.0
452.5
454.0
455.5
457.0
458.5
460.0
461.5
463.0
464.5
466.0
467.5
469.0
470.5
472.0
473.5
475.0
476.5
478.0
479.5
481.0
482.5
484.0
485.5
487.0
488.5
490.0
491.5
493.0
494.5
496.0
497.5
499.0
500.5
502.0
503.5
505.0
506.5
508.0
509.5
511.0
512.5
512.5009756097561
512.501951217655
512.5029268236967
512.5039024278813
512.5048780302086
512.5058536306789
512.506829229292
512.507804826048
512.5087804209468
512.5097560139885
512.5107316051732
512.5117071945007
512.5126827819711
512.5136583675844
512.5146339513408
512.5156095332401
512.5165851132823
512.5175606914676
512.5185362677958
512.519511842267
512.5204874148811
512.5214629856383
512.5224385545386
512.5234141215818
512.5243896867681
512.5253652500975
512.52634081157
512.5273163711855
512.5282919289442
512.529267484846
512.5302430388908
512.5312185910788
512.5321941414098
512.5331696898841
512.5341452365014
512.535120781262
512.5360963241658
512.5370718652127
512.5380474044028
512.5390229417362
512.5399984772127
512.5409740108325
512.5419495425956
512.5429250725019
512.5439006005515
512.5448761267444
512.5458516510805
512.5468271735599
512.5478026941826
512.5487782129486
512.5497537298579
512.5507292449106
512.5517047581066
512.5526802694459
512.5536557789286
512.5546312865547
512.5556067923242
153.76668203769725
153.7699337174069
153.77318532835523
153.7764368705466
153.7796883439854
153.782939748676
153.78619108462274
153.78944235183
153.7926935503021
153.79594468004342
153.79919574105833
153.80244673335116
153.8056976569263
153.8089485117881
153.8121992979409
153.81545001538908
153.81870066413697
153.82195124418894
153.82520175554936
153.82845219822255
153.8317025722129
153.83495287752473
153.8382031141624
153.84145328213032
153.84470338143277
153.84795341207413
153.85120337405874
153.85445326739097
153.85770309207516
153.86095284811566
153.86420253551682
153.867452154283
153.8707017044185
153.87395118592772
153.877200598815
153.88044994308467
153.8836992187411
153.88694842578863
153.89019756423158
153.89344663407434
153.8966956353212
153.89994456797655
153.9031934320447
153.90644222753002
153.90969095443685
153.91293961276955
153.91618820253242
153.91943672372983
153.92268517636612
153.9259335604456
153.92918187597266
153.93243012295162
153.9356783013868
153.93892641128255
153.94217445264323
153.94542242547314
153.94867032977663
153.95191816555806
153.95516593282176
153.95841363157203
153.96166126181325
153.96490882354973
153.96815631678584
153.97140374152588
153.97465109777417
153.97789838553507
153.98114560481292
153.98439275561205
153.98763983793677
153.99088685179143
153.99413379718035
153.9973806741079
154.00062748257835
154.00387422259607
154.00712089416535
154.01036749729056
154.013614031976
154.01686049822604
154.02010689604498
154.02335322543715
154.02659948640687
154.02984567895845
154.03309180309626
154.0363378588246
154.0395838461478
154.04282976507017
154.04607561559604
154.04932139772973
154.05256711147558
154.05581275683792
154.05905833382104
154.0623038424293
154.06554928266698
154.0687946545384
154.07203995804792
154.07528519319985
154.0785303599985
154.08177545844816
154.0850204885532
154.08826545031792
154.09151034374662
154.09475516884362
154.09799992561327
154.10124461405985
154.1044892341877
154.10773378600112
154.11097826950441
154.11422268470193
154.11746703159795
154.1207113101968
154.12395552050282
154.12719966252027
154.13044373625348
154.13368774170678
154.13693167888448
154.14017554779088
154.14341934843029
154.146663080807
154.14990674492537
154.15315034078967
154.15639386840422
154.15963732777334
154.1628807189013
154.16612404179244
154.16936729645107
154.17261048288148
154.17585360108797
154.17909665107484
154.18233963284644
154.18558254640703
154.18882539176093
154.19206816891244
154.19531087786586
154.19855351862552
154.2017960911957
154.20503859558067
154.2082810317848
154.21152339981234
154.2147656996676
154.2180079313549
154.2212500948785
154.22449219024276
154.2277342174519
154.2309761765103
154.2342180674222
154.23745989019193
154.24070164482376
154.243943331322
154.24718494969093
154.25042649993486
154.2536679820581
154.2569093960649
154.26015074195962
154.2633920197465
154.26663322942986
154.26987437101397
154.27311544450313
154.27635644990164
154.27959738721378
154.28283825644385
154.28607905759614
154.28931979067494
154.29256045568454
154.29580105262923
154.29904158151328
154.302282042341
154.30552243511667
154.3087627598446
154.31200301652905
154.31524320517428
154.31848332578463
154.32172337836437
154.32496336291777
154.32820327944913
154.33144312796273
154.33468290846284
154.33792262095375
154.34116226543975
154.34440184192513
154.34764135041416
154.3508807909111
154.35412016342028
154.35735946794594
154.3605987044924
154.3638378730639
154.36707697366472
154.37031600629916
154.3735549709715
154.376793867686
154.38003269644693
154.3832714572586
154.38651015012525
154.38974877505117
154.39298733204066
154.39622582109797
154.39946424222737
154.40270259543314
154.40594088071958
154.40917909809093
154.41241724755147
154.41565532910548
154.41889334275723
154.422131288511
154.42536916637104
154.42860697634163
154.43184471842704
154.43508239263156
154.43831999895943
154.44155753741492
154.44479500800233
154.4480324107259
154.45126974558988
154.45450701259858
154.45774421175625
154.46098134306715
154.46421840653557
154.46745540216574
154.47069232996193
154.47392918992844
154.4771659820695
154.48040270638938
154.48363936289235
154.48687595158265
154.49011247246457
154.49334892554236
154.49658531082028
154.4998216283026
154.5030578779936
154.5062940598975
154.50953017401855
154.51276622036104
154.51600219892921
154.51923810972735
154.5224739527597
154.5257097280305
154.52894543554405
154.53218107530455
154.53541664731628
154.5386521515835
154.54188758811048
154.54512295690145
154.54835825796067
154.5515934912924
154.5548286569009
154.5580637547904
154.56129878496517
154.56453374742946
154.5677686421875
154.57100346924358
154.57423822860193
154.57747292026679
154.58070754424241
154.58394210053305
154.58717658914296
154.5904110100764
154.5936453633376
Current segment is :  652
154.5968796489308
154.60011386686028
154.60334801713026
154.60658209974497
154.60981611470868
154.61305006202565
154.6162839417001
154.61951775373626
154.62275149813843
154.6259851749108
154.62921878405763
154.63245232558316
154.63568579949165
154.63891920578732
154.6421525444744
154.64538581555718
154.64861901903987
154.6518521549267
154.65508522322193
154.6583182239298
154.66155115705453
154.66478402260037
154.66801682057155
154.6712495509723
154.67448221380687
154.6777148090795
154.68094733679442
154.68417979695585
154.68741218956805
154.69064451463524
154.69387677216167
154.69710896215156
154.70034108460914
154.70357313953866
154.70680512694435
154.71003704683042
154.71326889920113
154.71650068406066
154.7197324014133
154.72296405126326
154.72619563361476
154.72942714847204
154.73265859583933
154.73588997572085
154.73912128812083
154.7423525330435
154.74558371049307
154.7488148204738
154.7520458629899
154.75527683804557
154.7585077456451
154.76173858579264
154.76496935849246
154.7682000637488
154.77143070156583
154.7746612719478
154.77789177489893
154.78112221042346
154.78435257852558
154.78758287920954
154.79081311247955
154.79404327833984
154.7972733767946
154.80050340784808
154.80373337150448
154.80696326776803
154.81019309664293
154.81342285813344
154.81665255224374
154.81988217897805
154.8231117383406
154.8263412303356
154.82957065496726
154.8328000122398
154.83602930215744
154.83925852472439
154.84248767994487
154.8457167678231
154.84894578836327
154.8521747415696
154.8554036274463
154.85863244599759
154.86186119722768
154.8650898811408
154.86831849774111
154.87154704703286
154.87477552902024
154.87800394370748
154.88123229109877
154.88446057119833
154.88768878401035
154.89091692953906
154.89414500778867
154.89737301876335
154.90060096246734
154.90382883890481
154.90705664808002
154.91028438999714
154.91351206466038
154.91673967207393
154.919967212242
154.92319468516882
154.92642209085858
154.92964942931545
154.93287670054366
154.9361039045474
154.9393310413309
154.94255811089832
154.94578511325386
154.94901204840176
154.95223891634618
154.95546571709133
154.95869245064142
154.96191911700063
154.9651457161732
154.96837224816326
154.97159871297507
154.97482511061278
154.9780514410806
154.98127770438273
154.98450390052338
154.9877300295067
154.99095609133693
154.9941820860182
154.99740801355478
155.00063387395082
155.00385966721052
155.00708539333806
155.01031105233764
155.01353664421347
155.01676216896973
155.0199876266106
155.02321301714028
155.02643834056295
155.02966359688278
155.032888786104
155.03611390823076
155.03933896326726
155.0425639512177
155.04578887208623
155.04901372587707
155.0522385125944
155.05546323224243
155.0586878848253
155.0619124703472
155.06513698881236
155.0683614402249
155.07158582458902
155.07481014190893
155.07803439218878
155.0812585754328
155.08448269164512
155.08770674082993
155.09093072299143
155.09415463813377
Current segment is :  807
155.09737848626116
155.10060226737778
155.1038259814878
155.10704962859538
155.1102732087047
155.11349672181998
155.11672016794535
155.119943547085
155.1231668592431
155.12639010442385
155.1296132826314
155.13283639386992
155.1360594381436
155.13928241545662
155.14250532581315
155.14572816921734
155.1489509456734
155.15217365518546
155.15539629775773
155.15861887339435
155.1618413820995
155.16506382387738
155.16828619873212
155.1715085066679
155.1747307476889
155.1779529217993
155.1811750290032
155.18439706930485
155.18761904270838
155.19084094921797
155.19406278883778
155.19728456157196
155.2005062674247
155.20372790640013
155.20694947850245
155.21017098373582
155.2133924221044
155.21661379361234
155.21983509826381
155.223056336063
155.22627750701403
155.22949861112107
155.2327196483883
155.23594061881988
155.23916152241995
155.24238235919267
155.24560312914224
155.24882383227276
155.25204446858845
155.25526503809343
155.25848554079187
155.2617059766879
155.2649263457857
155.26814664808944
155.27136688360326
155.2745870523313
155.27780715427775
155.28102718944675
155.28424715784243
155.28746705946898
155.29068689433052
155.29390666243123
155.29712636377525
155.30034599836674
155.30356556620984
155.3067850673087
155.3100045016675
155.31322386929037
155.31644317018146
155.3196624043449
155.32288157178488
155.32610067250553
155.329319706511
155.33253867380543
155.33575757439297
155.33897640827777
155.34219517546396
155.3454138759557
155.34863250975715
155.35185107687244
155.3550695773057
155.3582880110611
155.36150637814276
155.36472467855486
155.36794291230152
155.37116107938687
155.37437917981507
155.37759721359026
155.38081518071658
155.38403308119817
155.38725091503917
155.39046868224372
155.39368638281596
155.39690401676003
155.40012158408007
155.4033390847802
155.40655651886462
155.4097738863374
155.4129911872027
155.41620842146463
155.41942558912737
155.42264269019503
155.42585972467177
155.4290766925617
155.43229359386896
155.4355104285977
155.43872719675204
155.44194389833612
155.44516053335406
155.44837710181
155.45159360370806
155.4548100390524
155.45802640784714
155.4612427100964
155.4644589458043
155.46767511497498
155.47089121761258
155.47410725372123
155.47732322330506
155.4805391263682
155.48375496291476
155.48697073294886
155.49018643647466
155.49340207349624
155.49661764401776
155.49983314804336
155.50304858557715
155.50626395662323
155.50947926118576
155.51269449926883
155.5159096708766
155.51912477601317
155.52233981468265
155.5255547868892
155.5287696926369
155.5319845319299
155.53519930477233
155.53841401116827
155.54162865112187
155.54484322463725
155.5480577317185
155.55127217236978
155.55448654659517
155.55770085439883
155.56091509578485
155.56412927075735
155.56734337932045
155.57055742147827
155.5737713972349
155.5769853065945
155.58019914956117
155.583412926139
155.5866266363321
155.58984028014464
155.59305385758068
155.59626736864433
Current segment is :  963
155.59948081333974
155.602694191671
155.60590750364221
155.6091207492575
155.61233392852097
155.61554704143674
155.6187600880089
155.6219730682416
155.62518598213893
155.628398829705
155.63161161094388
155.63482432585974
155.63803697445664
155.6412495567387
155.64446207271004
155.64767452237476
155.65088690573694
155.6540992228007
155.6573114735702
155.66052365804947
155.66373577624265
155.6669478281538
155.67015981378708
155.67337173314655
155.67658358623635
155.67979537306056
155.68300709362327
155.68621874792862
155.68943033598066
155.6926418577835
155.6958533133413
155.6990647026581
155.702276025738
155.70548728258512
155.70869847320355
155.71190959759738
155.71512065577073
155.71833164772767
155.7215425734723
155.72475343300874
155.72796422634107
155.73117495347338
155.73438561440977
155.73759620915433
155.74080673771115
155.74401720008433
155.74722759627795
155.75043792629612
155.75364819014294
155.7568583878225
155.76006851933886
155.76327858469614
155.76648858389842
155.76969851694977
155.77290838385431
155.77611818461614
155.7793279192393
155.78253758772792
155.78574719008606
155.78895672631782
155.7921661964273
155.79537560041857
155.79858493829573
155.80179421006287
155.80500341572403
155.80821255528335
155.81142162874488
155.81463063611272
155.81783957739094
155.82104845258365
155.8242572616949
155.8274660047288
155.8306746816894
155.83388329258082
155.83709183740712
155.84030031617237
155.84350872888066
155.84671707553608
155.8499253561427
155.8531335707046
155.8563417192259
155.8595498017106
155.86275781816283
155.86596576858665
155.86917365298615
155.87238147136537
155.87558922372844
155.8787969100794
155.8820045304223
155.8852120847613
155.88841957310038
155.8916269954437
155.89483435179525
155.89804164215917
155.9012488665395
155.90445602494032
155.9076631173657
155.91087014381972
155.91407710430644
155.91728399882993
155.92049082739425
155.92369759000348
155.9269042866617
155.93011091737299
155.93331748214138
155.93652398097097
155.93973041386582
155.94293678083
155.94614308186755
155.94934931698256
155.9525554861791
155.95576158946125
155.95896762683302
155.9621735982985
155.96537950386178
155.9685853435269
155.97179111729795
155.97499682517898
155.97820246717401
155.98140804328716
155.98461355352248
155.987818997884
155.9910243763758
155.99422968900197
155.99743493576653
156.00064011667357
156.0038452317271
156.00705028093122
156.01025526428998
156.01346018180743
156.01666503348764
156.01986981933467
156.02307453935256
156.02627919354538
156.02948378191718
156.03268830447203
156.03589276121397
156.03909715214706
156.04230147727534
156.04550573660288
156.04870993013373
156.05191405787195
156.0551181198216
156.0583221159867
156.0615260463713
156.0647299109795
156.06793370981532
156.07113744288282
156.07434111018603
156.07754471172902
156.08074824751583
156.0839517175505
156.08715512183707
156.09035846037963
156.0935617331822
156.09676494024885
Current segment is :  1119
156.0999680815836
156.1031711571905
156.1063741670736
156.10957711123694
156.11277998968458
156.11598280242058
156.11918554944893
156.1223882307737
156.12559084639895
156.12879339632872
156.13199588056705
156.13519829911797
156.13840065198553
156.14160293917377
156.14480516068673
156.14800731652846
156.151209406703
156.15441143121438
156.15761339006664
156.16081528326382
156.16401711080994
156.16721887270907
156.17042056896523
156.17362219958247
156.1768237645648
156.1800252639163
156.18322669764098
156.18642806574286
156.189629368226
156.19283060509443
156.19603177635219
156.1992328820033
156.2024339220518
156.20563489650172
156.2088358053571
156.21203664862196
156.21523742630035
156.2184381383963
156.2216387849138
156.22483936585695
156.22803988122973
156.2312403310362
156.23444071528036
156.23764103396624
156.24084128709788
156.2440414746793
156.24724159671456
156.25044165320764
156.2536416441626
156.25684156958346
156.26004142947426
156.263241223839
156.2664409526817
156.26964061600643
156.27284021381718
156.27603974611796
156.2792392129128
156.28243861420577
156.28563795000085
156.28883722030207
156.29203642511345
156.29523556443903
156.2984346382828
156.3016336466488
156.30483258954106
156.30803146696357
156.31123027892036
156.31442902541548
156.3176277064529
156.32082632203668
156.3240248721708
156.32722335685932
156.33042177610622
156.33362012991554
156.3368184182913
156.3400166412375
156.34321479875814
156.34641289085727
156.34961091753888
156.352808878807
156.35600677466564
156.3592046051188
156.3624023701705
156.36560006982478
156.3687977040856
156.37199527295704
156.37519277644304
156.37839021454766
156.3815875872749
156.38478489462875
156.38798213661323
156.39117931323236
156.39437642449013
156.39757347039057
156.40077045093767
156.40396736613545
156.4071642159879
156.41036100049905
156.4135577196729
156.41675437351344
156.4199509620247
156.42314748521068
156.42634394307538
156.4295403356228
156.43273666285694
156.4359329247818
156.4391291214014
156.44232525271977
156.44552131874084
156.44871731946867
156.45191325490725
156.45510912506057
156.45830492993264
156.46150066952742
156.46469634384897
156.46789195290125
156.47108749668828
156.47428297521407
156.47747838848258
156.48067373649783
156.4838690192638
156.48706423678453
156.490259389064
156.49345447610617
156.49664949791506
156.49984445449468
156.503039345849
156.50623417198202
156.50942893289775
156.51262362860018
156.5158182590933
156.5190128243811
156.52220732446756
156.52540175935667
156.52859612905246
156.53179043355888
156.53498467287994
156.53817884701965
156.54137295598196
156.5445669997709
156.54776097839041
156.55095489184453
156.5541487401372
156.55734252327247
156.56053624125428
156.56372989408663
156.5669234817735
156.5701170043189
156.57331046172678
156.57650385400115
156.57969718114597
156.58289044316527
156.58608364006298
156.58927677184312
156.59246983850966
156.5956628400666
156.59885577651792
Current segment is :  1276
156.6020486478676
156.6052414541196
156.60843419527794
156.61162687134657
156.61481948232947
156.61801202823062
156.62120450905402
156.62439692480365
156.62758927548347
156.63078156109748
156.63397378164964
156.63716593714395
156.64035802758434
156.64355005297483
156.6467420133194
156.649933908622
156.65312573888662
156.65631750411723
156.6595092043178
156.66270083949232
156.66589240964475
156.6690839147791
156.67227535489928
156.6754667300093
156.67865804011316
156.68184928521478
156.68504046531817
156.68823158042727
156.69142263054607
156.69461361567855
156.69780453582865
156.70099539100036
156.70418618119766
156.70737690642449
156.71056756668483
156.71375816198267
156.71694869232195
156.72013915770665
156.72332955814076
156.7265198936282
156.72971016417296
156.732900369779
156.7360905104503
156.73928058619083
156.7424705970045
156.74566054289534
156.74885042386728
156.7520402399243
156.75522999107034
156.75841967730938
156.76160929864537
156.7647988550823
156.7679883466241
156.77117777327473
156.77436713503818
156.77755643191838
156.7807456639193
156.78393483104492
156.78712393329917
156.79031297068602
156.79350194320944
156.79669085087335
156.79987969368173
156.80306847163857
156.80625718474778
156.80944583301334
156.81263441643918
156.81582293502927
156.81901138878757
156.82219977771805
156.82538810182464
156.82857636111132
156.831764555582
156.83495268524067
156.83814075009127
156.84132875013773
156.84451668538404
156.84770455583413
156.85089236149196
156.85408010236148
156.8572677784466
156.86045538975134
156.8636429362796
156.86683041803536
156.87001783502254
156.8732051872451
156.876392474707
156.87957969741217
156.88276685536457
156.88595394856813
156.8891409770268
156.89232794074454
156.89551483972528
156.89870167397297
156.90188844349154
156.90507514828496
156.90826178835718
156.9114483637121
156.9146348743537
156.91782132028592
156.92100770151268
156.92419401803795
156.92738026986564
156.9305664569997
156.9337525794441
156.93693863720276
156.9401246302796
156.94331055867858
156.94649642240364
156.94968222145872
156.95286795584775
156.95605362557467
156.95923923064342
156.96242477105793
156.96561024682214
156.96879565793998
156.9719810044154
156.97516628625232
156.9783515034547
156.98153665602644
156.9847217439715
156.98790676729382
156.9910917259973
156.9942766200859
156.99746144956356
157.00064621443417
157.0038309147017
157.00701555037006
157.01020012144318
157.013384627925
157.01656906981947
157.01975344713048
157.022937759862
157.02612200801792
157.0293061916022
157.03249031061873
157.0356743650715
157.03885835496436
157.0420422803013
157.04522614108623
157.04840993732307
157.05159366901574
157.05477733616817
157.05796093878428
157.061144476868
157.06432795042326
157.06751135945396
157.07069470396405
157.07387798395746
157.07706119943808
157.08024435040986
157.0834274368767
157.08661045884253
157.08979341631127
157.09297630928685
157.09615913777318
157.09934190177418
Current segment is :  1433
157.10252460129377
157.1057072363359
157.10888980690441
157.1120723130033
157.11525475463645
157.11843713180778
157.12161944452123
157.1248016927807
157.1279838765901
157.13116599595332
157.13434805087434
157.13753004135702
157.1407119674053
157.14389382902309
157.1470756262143
157.15025735898286
157.15343902733264
157.1566206312676
157.1598021707916
157.1629836459086
157.1661650566225
157.1693464029372
157.17252768485665
157.1757089023847
157.1788900555253
157.18207114428233
157.18525216865973
157.1884331286614
157.19161402429123
157.19479485555314
157.19797562245105
157.20115632498886
157.20433696317048
157.2075175369998
157.21069804648073
157.21387849161718
157.21705887241305
157.22023918887226
157.2234194409987
157.22659962879627
157.22977975226888
157.23295981142044
157.23613980625487
157.23931973677603
157.24249960298783
157.24567940489422
157.24885914249904
157.25203881580623
157.25521842481967
157.25839796954327
157.2615774499809
157.2647568661365
157.26793621801397
157.2711155056172
157.27429472895005
157.27747388801646
157.2806529828203
157.2838320133655
157.28701097965592
157.29018988169548
157.2933687194881
157.2965474930376
157.29972620234793
157.30290484742298
157.30608342826665
157.30926194488282
157.31244039727537
157.3156187854482
157.31879710940524
157.32197536915032
157.32515356468738
157.3283316960203
157.33150976315298
157.33468776608927
157.3378657048331
157.34104357938833
157.34422138975887
157.34739913594862
157.35057681796144
157.35375443580125
157.35693198947192
157.36010947897734
157.36328690432137
157.36646426550794
157.36964156254092
157.3728187954242
157.37599596416163
157.37917306875713
157.38235010921457
157.38552708553786
157.38870399773086
157.39188084579746
157.39505762974153
157.398234349567
157.40141100527768
157.40458759687752
157.40776412437035
157.41094058776008
157.4141169870506
157.41729332224574
157.42046959334942
157.42364580036553
157.42682194329794
157.4299980221505
157.4331740369271
157.43634998763164
157.43952587426799
157.44270169684
157.4458774553516
157.44905314980662
157.45222878020894
157.45540434656246
157.45857984887104
157.46175528713854
157.46493066136887
157.46810597156588
157.47128121773343
157.47445639987544
157.47763151799575
157.48080657209823
157.48398156218676
157.4871564882652
157.49033135033747
157.49350614840736
157.4966808824788
157.49985555255566
157.50303015864176
157.50620470074102
157.5093791788573
157.51255359299446
157.51572794315638
157.5189022293469
157.52207645156992
157.52525060982927
157.52842470412884
157.5315987344725
157.53477270086412
157.53794660330755
157.54112044180664
157.5442942163653
157.54746792698737
157.5506415736767
157.55381515643717
157.55698867527263
157.56016213018697
157.56333552118403
157.5665088482677
157.56968211144178
157.5728553107102
157.57602844607678
157.57920151754539
157.5823745251199
157.58554746880415
157.588720348602
157.59189316451736
157.59506591655403
157.59823860471587
157.60141122900677
Current segment is :  1591
157.60458378943056
157.60775628599112
157.6109287186923
157.61410108753793
157.6172733925319
157.62044563367806
157.62361781098025
157.62678992444233
157.62996197406815
157.63313395986157
157.63630588182644
157.63947773996662
157.64264953428597
157.6458212647883
157.64899293147752
157.65216453435747
157.65533607343195
157.65850754870488
157.66167896018007
157.66485030786137
157.66802159175265
157.67119281185774
157.67436396818047
157.67753506072472
157.68070608949435
157.68387705449317
157.68704795572503
157.69021879319382
157.69338956690336
157.6965602768575
157.69973092306006
157.70290150551492
157.7060720242259
157.70924247919686
157.71241287043165
157.71558319793408
157.71875346170802
157.72192366175733
157.72509379808582
157.72826387069736
157.73143387959576
157.73460382478487
157.73777370626854
157.74094352405064
157.74411327813496
157.74728296852535
157.75045259522568
157.75362215823975
157.75679165757143
157.75996109322455
157.76313046520292
157.7662997735104
157.76946901815086
157.7726381991281
157.77580731644593
157.77897637010824
157.78214536011885
157.78531428648157
157.78848314920026
157.79165194827874
157.79482068372087
157.79798935553046
157.80115796371135
157.80432650826737
157.80749498920235
157.81066340652015
157.81383176022456
157.81700005031942
157.82016827680857
157.82333643969585
157.8265045389851
157.8296725746801
157.83284054678472
157.8360084553028
157.83917630023814
157.84234408159458
157.84551179937594
157.84867945358607
157.85184704422878
157.8550145713079
157.85818203482722
157.86134943479064
157.86451677120192
157.86768404406493
157.87085125338348
157.87401839916137
157.87718548140245
157.88035250011055
157.88351945528947
157.88668634694304
157.8898531750751
157.89301993968945
157.89618664078992
157.89935327838035
157.90251985246454
157.9056863630463
157.90885281012947
157.91201919371787
157.91518551381532
157.91835177042563
157.92151796355262
157.9246840932001
157.92785015937193
157.93101616207187
157.93418210130378
157.93734797707143
157.94051378937868
157.94367953822933
157.9468452236272
157.95001084557612
157.95317640407987
157.95634189914227
157.95950733076717
157.96267269895836
157.96583800371965
157.96900324505486
157.9721684229678
157.9753335374623
157.97849858854212
157.98166357621113
157.9848285004731
157.98799336133186
157.99115815879122
157.994322892855
157.997487563527
158.000652170811
158.00381671471087
158.00698119523037
158.01014561237332
158.01330996614354
158.01647425654483
158.019638483581
158.02280264725582
158.02596674757314
158.02913078453676
158.03229475815047
158.03545866841807
158.0386225153434
158.04178629893025
158.0449500191824
158.04811367610367
158.05127726969786
158.05444079996877
158.0576042669202
158.06076767055598
158.06393101087988
158.0670942878957
158.07025750160727
158.07342065201837
158.07658373913281
158.0797467629544
158.0829097234869
158.08607262073414
158.08923545469992
158.09239822538802
158.09556093280224
158.09872357694638
158.10188615782425
Current segment is :  1749
158.10504867543963
158.10821112979633
158.11137352089816
158.11453584874886
158.11769811335228
158.1208603147122
158.12402245283238
158.12718452771665
158.13034653936882
158.13350848779265
158.13667037299194
158.1398321949705
158.1429939537321
158.14615564928053
158.1493172816196
158.15247885075308
158.15564035668478
158.15880179941848
158.161963178958
158.16512449530705
158.16828574846951
158.17144693844912
158.17460806524969
158.17776912887498
158.1809301293288
158.18409106661494
158.18725194073716
158.19041275169926
158.19357349950502
158.19673418415826
158.19989480566272
158.20305536402222
158.20621585924053
158.20937629132143
158.2125366602687
158.21569696608614
158.21885720877754
158.22201738834664
158.22517750479727
158.22833755813318
158.23149754835816
158.234657475476
158.2378173394905
158.2409771404054
158.24413687822448
158.24729655295155
158.25045616459036
158.2536157131447
158.25677519861839
158.25993462101513
158.26309398033874
158.266253276593
158.2694125097817
158.27257167990857
158.27573078697742
158.27888983099203
158.28204881195617
158.2852077298736
158.2883665847481
158.29152537658345
158.29468410538342
158.2978427711518
158.30100137389235
158.30415991360883
158.30731839030503
158.31047680398473
158.31363515465168
158.31679344230966
158.31995166696245
158.3231098286138
158.3262679272675
158.32942596292733
158.33258393559703
158.33574184528038
158.33889969198114
158.3420574757031
158.34521519645
158.34837285422563
158.35153044903376
158.35468798087814
158.35784544976255
158.36100285569074
158.3641601986665
158.36731747869356
158.37047469577573
158.37363184991673
158.37678894112037
158.37994596939038
158.38310293473052
158.38625983714456
158.38941667663627
158.39257345320942
158.39573016686776
158.39888681761505
158.40204340545506
158.40519993039155
158.40835639242826
158.41151279156898
158.41466912781746
158.41782540117745
158.4209816116527
158.424137759247
158.4272938439641
158.43044986580773
158.43360582478167
158.43676172088968
158.4399175541355
158.44307332452289
158.4462290320556
158.44938467673742
158.4525402585721
158.45569577756336
158.45885123371497
158.4620066270307
158.46516195751428
158.46831722516947
158.47147243000003
158.47462757200972
158.4777826512023
158.48093766758146
158.484092621151
158.4872475119147
158.49040233987623
158.4935571050394
158.49671180740796
158.49986644698564
158.5030210237762
158.50617553778338
158.50932998901092
158.51248437746258
158.51563870314212
158.51879296605327
158.5219471661998
158.52510130358542
158.5282553782139
158.531409390089
158.53456333921446
158.53771722559398
158.54087104923136
158.5440248101303
158.5471785082946
158.55033214372793
158.55348571643407
158.55663922641676
158.55979267367977
158.5629460582268
158.56609938006162
158.56925263918797
158.57240583560957
158.5755589693302
158.57871204035357
158.58186504868343
158.5850179943235
158.58817087727752
158.59132369754926
158.59447645514243
158.59762915006078
158.60078178230805
158.60393435188797
Current segment is :  1908
158.60708685880428
158.61023930306072
158.61339168466102
158.61654400360894
158.61969625990818
158.6228484535625
158.62600058457562
158.6291526529513
158.63230465869322
158.63545660180515
158.63860848229083
158.64176030015398
158.64491205539832
158.64806374802762
158.65121537804558
158.65436694545593
158.65751845026242
158.66066989246877
158.66382127207874
158.66697258909602
158.67012384352435
158.67327503536745
158.67642616462908
158.67957723131292
158.68272823542273
158.68587917696223
158.68903005593518
158.69218087234526
158.6953316261962
158.69848231749177
158.70163294623566
158.7047835124316
158.7079340160833
158.71108445719452
158.71423483576896
158.71738515181036
158.72053540532244
158.7236855963089
158.72683572477348
158.7299857907199
158.73313579415188
158.73628573507315
158.73943561348744
158.74258542939845
158.7457351828099
158.74888487372553
158.75203450214906
158.7551840680842
158.75833357153465
158.76148301250416
158.7646323909964
158.76778170701516
158.7709309605641
158.77408015164698
158.77722928026748
158.78037834642933
158.78352735013627
158.78667629139198
158.7898251702002
158.79297398656462
158.79612274048898
158.799271431977
158.80242006103234
158.80556862765877
158.80871713186
158.8118655736397
158.81501395300162
158.81816226994945
158.82131052448693
158.82445871661776
158.82760684634565
158.8307549136743
158.83390291860744
158.83705086114875
158.84019874130198
158.8433465590708
158.84649431445894
158.8496420074701
158.852789638108
158.85593720637632
158.8590847122788
158.8622321558191
158.865379537001
158.86852685582815
158.87167411230428
158.8748213064331
158.8779684382183
158.88111550766357
158.88426251477264
158.88740945954922
158.89055634199698
158.89370316211966
