4.0
Current segment is :  0
5.0
6.0
7.0
8.0
Current segment is :  4
9.0
10.0
11.0
12.0
13.0
14.0
15.0
16.0
Current segment is :  12
17.0
18.0
19.0
20.0
21.0
22.0
23.0
24.0
25.0
26.0
27.0
28.0
29.0
30.0
31.0
32.0
Current segment is :  28
33.0
34.0
35.0
36.0
37.0
38.0
39.0
40.0
41.0
42.0
43.0
44.0
45.0
46.0
47.0
48.0
49.0
50.0
51.0
52.0
53.0
54.0
55.0
56.0
57.0
58.0
59.0
60.0
61.0
62.0
63.0
64.0
Current segment is :  60
65.0
66.0
67.0
68.0
69.0
70.0
71.0
72.0
73.0
74.0
75.0
76.0
77.0
78.0
79.0
80.0
81.0
82.0
83.0
84.0
85.0
86.0
87.0
8.700000000000001
8.814942528735633
8.928386263251216
9.040388586013163
9.151003300246481
9.260280935407323
9.368269019891502
9.475012325178392
9.580553084987502
9.684931192506886
9.788184378319263
9.890348371287661
9.991457044355545
10.091542546956482
10.190635425507699
10.288764733273625
1.0288764733273625
2.0008104478364923
2.5006079179473244
2.9005106747221134
3.2452775492987107
3.553417603518756
3.8348368206154895
4.095604109232349
4.339768333441859
4.5701953800411195
4.789004406098776
4.997816074496179
5.19790346968925
5.390288727674771
5.5758075468923405
5.755153765640035
5.92891106921901
6.0975761053993764
6.2615756984695645
6.421279908424962
6.577012101112586
6.7290568266849835
6.877666063574523
7.023064224921175
7.165452215116612
Current segment is :  124
7.305010748197098
7.441903086137437
7.576277316549382
7.708268261207075
7.837999086097101
7.965582668209758
8.091122762594937
8.2147150042827
Current segment is :  132
8.336447772793678
8.456402941620325
8.574656530871406
8.69127927796334
8.806337138609411
8.919891728248698
9.03200071235588
9.142718152693543
9.252094815442947
Current segment is :  141
9.360178446225769
9.467014016268049
9.57264394332653
9.677108290472454
9.780444945388732
9.882689782467589
9.983876809685022
10.084038301965249
10.183204922524903
10.281405833496263
Current segment is :  151
10.378668796965915
10.475020267425435
10.570485476510495
10.665088510800848
10.758852383363863
10.851799099646193
1.0851799099646193
2.0066860960057924
2.50502014137066
2.9042185284354582
3.2485452346419343
Current segment is :  162
3.556375333276908
3.8375605025257853
4.098142713370885
4.3421556894776785
Current segment is :  166
4.572456045225699
4.791156890047191
4.999874747330748
5.199879757563027
5.392191896809235
Current segment is :  171
5.577645237331433
5.756932366119574
5.930635987493546
6.0992519676529735
6.263206499340374
6.422869125840924
Current segment is :  177
6.578562785544611
6.730571671466829
6.879147460985473
7.024514311408642
7.166872908126978
7.306403776445577
7.443270014693154
Current segment is :  184
7.577619567782856
7.70958713240587
7.839295764376145
7.966858243208016
8.092378237347805
8.215951304580972
8.337665755279144
8.457603400820624
Current segment is :  192
8.57584020533938
8.692446855656558
8.80748926162183
8.921028996987442
9.033123689240734
9.143827365444247
9.253190760009103
9.361261589405796
9.468084798056616
Current segment is :  201
9.573702779024135
9.678155572585993
9.781481045347824
9.883715052178069
9.984891582938092
10.08504289571837
10.184199638068426
10.282390957518018
10.379644602524468
10.475987014841436
Current segment is :  211
10.571443414184362
10.666037875964125
10.75979340277071
10.852731990210733
10.94487468763494
11.036241654232533
11.126852210917516
11.216724888386784
11.305877471689897
11.394327041615275
11.48209001316662
Current segment is :  222
11.569182171375909
11.655618704675053
11.741414236026717
11.826582851995623
11.911138129924552
11.995093163364025
12.07846058589095
12.161252593439338
12.243480965255204
12.325157083577912
12.406291952141364
12.486896213580447
Current segment is :  234
12.56698016582091
12.64655377752436
12.725626702654147
12.804208294222555
12.8823076172749
12.959933461161675
13.037094351145933
13.113798559389398
13.190054115357505
13.265868815680506
13.341250233505018
13.416205727367851
13.490742449621601
Current segment is :  247
13.564867354439427
13.638587205424384
13.711908582846988
13.784837890532932
13.857381362421476
13.929545068813495
14.001334922327008
14.072756683576742
14.143815966593198
14.2145182439957
14.284868851932934
14.354872994803639
14.424535749769287
14.493862071069852
Current segment is :  261
14.562856794153083
14.631524639627022
14.699870217044953
14.767898028531375
14.835612472257084
14.903017845770988
14.970118349195786
15.03691808829429
15.103421077412682
15.169631242306748
15.23555242285668
15.30118837567581
15.36654277661827
15.431619223190337
15.496421236869965
Current segment is :  276
15.560952265338702
15.625215684630044
15.689214801197995
15.752952853909443
15.816433015963748
15.879658396742757
15.942632043594324
16.00535694355222
16.067836024995188
16.130072159247764
16.192068162125324
16.253826795425738
16.315350768369846
16.376642738992917
16.437705315489076
16.498541057510664
Current segment is :  292
16.55915247742435
16.619542041525737
16.67971217121411
16.73966524412899
16.799403595249885
16.85892951796078
16.918245265080706
16.977353049861673
17.036255046955276
17.094953393349115
17.153450189274224
17.211747499084545
17.269847352109533
17.32775174348088
17.38546263493431
17.442981955587335
17.5003116026939
Current segment is :  309
17.557453442376687
17.614409310337948
17.671181012549564
17.72777032592312
17.784178998960684
17.840408752386942
17.89646127976338
17.952338248085088
18.00804129836082
18.06357204617685
18.118932082245223
18.17412297293684
18.22914626079998
18.28400346506469
18.338696082133524
18.393225586059064
18.447593429008695
18.501801041717002
Current segment is :  327
18.555849833926217
18.609741194815097
18.663476493416596
18.71705707902468
18.770484281590658
18.823759412109307
18.876883762995174
18.92985860844929
18.982685204816665
19.035364790934768
19.087898588473347
19.14028780226579
19.192533620632304
19.244637215695178
19.296599743686322
19.348422345247364
19.40010614572248
19.451652255444177
19.503061770012284
Current segment is :  346
19.55433577056627
19.605475324051138
19.656481483477084
19.707355288173034
19.758097764034325
19.808709923764617
19.859192767112244
19.909547281101155
19.959774440256563
20.009875206825505
2.0009875206825507
2.500740762351391
2.900622275483413
3.245375885235424
3.5535066027123796
3.8349187715364654
4.095680487644301
4.339840158550458
4.570263391542063
4.789069161435029
Current segment is :  366
4.99787800638818
5.197962922170802
5.390345979721043
5.575862828502566
5.755207269131239
Current segment is :  371
5.9289629573691975
6.097626517453864
6.261624754659373
6.4213277134251285
6.577058746729859
6.729102393975249
Current segment is :  377
6.877710624531426
7.023107843837687
1
2.0
2.5
2.9
1
Current segment is :  384
2.0
Current segment is :  385
2.5
2.9
Current segment is :  387
3.2448275862068963
3.5530103704789475
3.8344618428159674
Current segment is :  390
4.095254632258779
4.339439692724345
4.569884190357676
4.7887081163796905
Current segment is :  394
4.997532704493449
5.197631445038131
5.390026771750771
5.575554607204394
5.754908962142979
Current segment is :  399
5.92867365704575
6.097345447373015
6.261351244425376
6.4210611793839565
6.576798676981813
6.7288483365677
Current segment is :  405
6.877462178042702
7.02286464978477
7.165256686349315
7.3048190277662135
7.441714958548197
7.576092585959378
7.70808674899974
Current segment is :  412
7.837820628827931
7.965407115857494
8.090949977064074
8.214544858114477
8.336280148051104
8.456237728919326
8.574493628535313
8.691118591282043
Current segment is :  420
8.806178579187753
8.919735213431279
9.031846164717614
9.142565499586983
9.25194398859482
9.36002938137635
9.466866652847923
9.572498224166102
1
Current segment is :  429
2.0
Current segment is :  430
2.5
2.9
Current segment is :  432
3.2448275862068963
3.5530103704789475
3.8344618428159674
Current segment is :  435
4.095254632258779
4.339439692724345
4.569884190357676
4.7887081163796905
Current segment is :  439
4.997532704493449
5.197631445038131
5.390026771750771
5.575554607204394
5.754908962142979
Current segment is :  444
5.92867365704575
6.097345447373015
6.261351244425376
6.4210611793839565
6.576798676981813
6.7288483365677
Current segment is :  450
6.877462178042702
7.02286464978477
1
2.0
2.5
2.9
3.2448275862068963
Current segment is :  457
3.5530103704789475
3.8344618428159674
4.095254632258779
4.339439692724345
Current segment is :  461
4.569884190357676
4.7887081163796905
4.997532704493449
5.197631445038131
5.390026771750771
Current segment is :  466
5.575554607204394
5.754908962142979
5.92867365704575
6.097345447373015
6.261351244425376
6.4210611793839565
Current segment is :  472
6.576798676981813
6.7288483365677
6.877462178042702
7.02286464978477
7.165256686349315
7.3048190277662135
7.441714958548197
Current segment is :  479
7.576092585959378
7.70808674899974
7.837820628827931
7.965407115857494
8.090949977064074
8.214544858114477
8.336280148051104
8.456237728919326
Current segment is :  487
8.574493628535313
8.691118591282043
8.806178579187753
8.919735213431279
9.031846164717614
9.142565499586983
9.25194398859482
9.36002938137635
9.466866652847923
Current segment is :  496
9.572498224166102
9.676964161540262
9.780302355555111
9.882548683290779
9.983737155217133
10.083900048575902
10.183068028740603
10.281270259853821
10.378534505878438
10.474887223059616
Current segment is :  506
10.570353644674025
10.664957858838974
10.758722880064184
10.851670715150911
10.943822423975233
11.035198175633012
11.125817300372258
11.215698337693134
11.304859080955927
11.39331661880216
11.481087373662929
Current segment is :  517
11.568187137601138
11.654631105709987
11.740433907268422
11.825609634835093
11.910171871445227
11.994133716059537
12.077507807400627
12.160306346300121
12.242541116668736
1.2242541116668737
2.0410779968964343
2.531015177896157
Current segment is :  529
2.9261135592623346
3.2678637954534744
3.5738741014494844
Current segment is :  532
3.8536825030925144
4.113174560156768
4.356295775990089
4.585848600550704
Current segment is :  536
4.8039107493708615
5.0120744834974715
5.211592667692969
5.403472590734359
5.5885387649784475
Current segment is :  541
5.767476416134538
5.940862474064917
6.109188201914289
6.2728760712267215
6.432292579483107
6.587758144465283
Current segment is :  547
6.739554852551804
6.887932604774026
7.033114048522023
7.175298576328755
7.314665599089173
7.451377248644898
7.585580626977657
Current segment is :  554
7.717409691775091
7.846986847833783
7.974424298589299
8.099825200592583
8.223284654992518
8.344890563331454
8.464724369708032
8.582861707242449
Current segment is :  562
8.699372963523809
8.814323777127614
8.927775475214188
9.039785460543262
1
2.0
2.5
2.9
3.2448275862068963
Current segment is :  571
3.5530103704789475
3.8344618428159674
4.095254632258779
4.339439692724345
Current segment is :  575
4.569884190357676
4.7887081163796905
4.997532704493449
5.197631445038131
5.390026771750771
Current segment is :  580
5.575554607204394
5.754908962142979
5.92867365704575
6.097345447373015
6.261351244425376
6.4210611793839565
Current segment is :  586
6.576798676981813
6.7288483365677
6.877462178042702
7.02286464978477
7.165256686349315
7.3048190277662135
7.441714958548197
Current segment is :  593
7.576092585959378
7.70808674899974
7.837820628827931
7.965407115857494
8.090949977064074
8.214544858114477
8.336280148051104
8.456237728919326
Current segment is :  601
8.574493628535313
8.691118591282043
8.806178579187753
8.919735213431279
9.031846164717614
9.142565499586983
9.25194398859482
9.36002938137635
9.466866652847923
Current segment is :  610
9.572498224166102
9.676964161540262
9.780302355555111
9.882548683290779
9.983737155217133
10.083900048575902
10.183068028740603
10.281270259853821
10.378534505878438
10.474887223059616
Current segment is :  620
10.570353644674025
10.664957858838974
10.758722880064184
10.851670715150911
10.943822423975233
11.035198175633012
11.125817300372258
11.215698337693134
11.304859080955927
11.39331661880216
11.481087373662929
Current segment is :  631
11.568187137601138
11.654631105709987
11.740433907268422
11.825609634835093
11.910171871445227
11.994133716059537
12.077507807400627
12.160306346300121
12.242541116668736
12.324223505191693
12.405364519842939
12.485974807303695
Current segment is :  643
12.566064669363568
12.645644078376003
12.724722691833897
12.803309866125856
12.881414669528743
12.959045894487716
13.036212069230979
13.112921468762785
13.189182125274927
13.265001838013873
13.340388182637986
13.415348520096641
13.48989000506082
Current segment is :  656
13.56401959393255
13.637744052458643
13.711069962972392
13.78400373128519
13.856551593248572
13.928719621005726
14.000513728950287
14.071939679408962
14.14300308806351
14.213709429126533
14.284064040284603
14.354072127421412
14.423738769132767
14.49306892104456
Current segment is :  670
14.562067419944125
14.630738987734725
14.699088235222384
14.767119665743616
1.4767119665743618
2.1538920955603644
2.618167906805141
3.000114380673681
3.333435005527807
3.633425855309401
3.908648204635378
4.164491132329426
4.404616508569727
4.631651029748671
4.8475567604648
Current segment is :  685
5.0538462480177255
5.251715346309394
5.442129322326343
5.625880927768261
5.803630868237884
Current segment is :  690
5.975936795803471
6.143274576333921
6.306054212434244
6.464631980133768
6.619319826723189
6.770392750554857
Current segment is :  696
6.918094669312531
7.062643139346603
7.20423319002167
7.343040468134913
7.479223838543874
7.612927551868583
7.744283064342172
Current segment is :  703
7.873410575784051
8.000420337357474
8.12541376993133
8.248484425569885
8.369718818266323
8.489197145043272
8.60699391462164
8.723178497754805
Current segment is :  711
8.83781561085038
8.950965742515525
9.062685531057467
9.173028099667293
9.282043354949927
9.389778253588029
9.496277041205072
9.601581466893258
9.705730976372301
Current segment is :  720
9.80876288632678
9.910712542118132
10.011613460770574
10.111497460878887
10.210394780872189
10.308334186885498
10.405343071334764
10.50144754315702
10.596672510561788
10.69104175704018
Current segment is :  730
10.784578011291687
10.877303011653591
10.969237565552534
11.06040160444074
11.150814234629367
11.240493784387667
11.329457847638068
11.417723324543344
11.505306459252031
11.592222875041708
11.678487607076237
Current segment is :  741
11.764115132972147
11.849119401350755
11.933513858535987
12.01731147354313
12.100524761490401
12.183165805553422
12.265246277571965
12.346777457408816
12.427770251151927
12.508235208243269
12.588182537610802
12.667622122873585
Current segment is :  753
12.746563536684336
12.825016054268549
12.902988666214494
12.98049009056422
13.057528784251675
13.134112953930556
13.210250566231258
13.285949357483275
13.361216842936752
13.436060325514362
13.510486904122457
13.584503481548314
13.658116771968409
Current segment is :  766
13.731333308090898
13.804159447953861
13.876601381399379
13.948665136242148
14.020356584150074
14.091681446253117
14.162645298495598
14.233253576746145
14.303511581678606
14.373424483436304
14.44299732609133
14.512235031909741
14.581142405432923
14.649724137384693
Current segment is :  780
14.717984808413172
14.785928892675875
14.853560761275983
14.920884685557294
14.987904840264873
15.05462530657805
15.121050075022008
15.18718304826385
15.25302804379871
15.318588796531118
15.383868961256635
15.44887211504834
15.513601759552675
15.578061323198765
15.642254163325207
Current segment is :  795
15.706183568228024
15.769852759133375
15.833264892098335
15.896423059842945
15.95933029351655
16.02198956440126
16.084403785555285
16.146575813398684
16.208508449244
16.270204440774094
16.331666483469387
16.392897221986622
16.45389925149113
16.514675118944517
16.575227324349566
16.635558321954104
Current segment is :  811
16.69567052141544
16.755566288926982
16.81524794830849
16.874717782061406
16.933978032390634
16.99303090219401
17.051878556020785
17.11052312100022
17.168966687741477
17.22721131120586
17.285259011552434
17.343111774958043
17.40077155441261
17.458240270490688
17.51551981210006
17.572612037208284
17.62951877354791
Current segment is :  828
17.686241819301177
17.742782943764865
17.799143887996074
17.85532636543952
17.91133206253703
17.96716263931985
18.022819729984324
18.078304943451577
18.13361986391165
18.1887660513527
18.243745042075695
18.298558349195133
18.353207463126232
18.40769385205902
18.46201896241977
18.516184219320195
18.57019102699478
18.62404076922664
Current segment is :  846
18.677734809762264
18.73127449271554
18.7846611429613
18.83789606651885
18.89098055092565
18.943915865601575
18.996703262203976
19.04934397497384
19.101839221073327
19.154190200914933
19.20639809848255
19.25846408164464
19.31038930245979
19.362174897474834
19.413821988015805
19.465331680471895
19.516705066572644
19.56794322365853
19.619047214945205
Current segment is :  865
19.670018089781482
19.720856883901327
19.771564619669967
19.82214230632432
19.8725909402079
19.92291150500032
19.973104971941588
20.023172300051304
2.0023172300051306
2.501738592921454
2.901460611372723
3.246114609459185
3.554175205066622
3.8355344353528666
4.096254295089441
4.340379763861923
4.570774350143523
4.789555660135035
4.998343295347903
5.198409585498627
Current segment is :  885
5.390776112905313
5.576278159188786
5.755609241938338
5.929352795047101
6.0980052659938995
6.261993317230358
Current segment is :  891
6.421686876348095
6.577409199665217
6.729444745826903
6.878045416130367
7.023435558169092
7.1658160202261385
7.30536746798553
Current segment is :  898
7.442253121497461
7.576621031816371
7.708605988672563
7.838331129829013
7.965909307305398
8.09144425396653
8.215031585055142
8.33675966237857
Current segment is :  906
8.456710343518237
8.57495963424468
8.691578259014227
8.806632161792226
8.920182947339796
9.032288271401365
9.14300218685137
9.252375451733457
9.360455804202578
Current segment is :  915
9.467288208619362
9.572915076415523
9.677376464824125
9.780710256129533
9.88295231972336
9.984136658941946
10.084295544397945
10.183459635295254
10.281658090026106
10.378918667186328
Current segment is :  925
10.475267818005051
10.570730771064941
10.665331610085198
10.75909334544975
10.852037980085058
10.944186570224083
11.03555928153373
11.126175441031268
11.216053585169837
11.305211504433188
11.393666284744716
Current segment is :  936
11.48143434596474
11.568531477722624
11.654972872805974
11.74077315830756
11.825946424711436
11.910506253082584
11.994465740509174
12.077837523932814
12.160633802490002
12.242866358476947
12.324546577040111
12.40568546468592
Current segment is :  948
12.48629366669512
12.566381483520006
12.645958886236249
12.725035531115143
12.803620773376732
12.88172368017942
12.959353042897288
13.036517388732289
1.303651738873229
2.0707277685990197
2.5536497707879238
2.945246148427232
3.2847763437333195
Current segment is :  961
3.589211073941906
3.8678238329574226
4.126367149092733
4.368711071450653
Current segment is :  965
4.597611537433619
4.815115776723526
5.022795102905888
5.2218874368578465
5.413389075315555
Current segment is :  970
5.598116237189045
5.776747754940832
5.949855538493386
6.117926846028563
6.281380909008925
6.440581571169975
Current segment is :  976
6.595847052858199
6.747457602949209
6.8956615723321235
7.040680290189792
7.182712019906786
7.321935198732349
7.458511113822819
Current segment is :  983
7.592586130235506
7.7242935594101
7.853755236689539
7.981082861483396
8.106379142371042
8.229738780803585
8.351249320400852
8.470991883655088
Current segment is :  991
8.589041813785409
8.705469236271
8.82033955202992
8.933713872156842
9.045649402476057
9.156199784820775
9.265415400851545
9.373343643324958
9.480029158979997
Current segment is :  1000
9.585514066592623
9.689838153235529
9.79303905135023
9.895152398877636
9.996211984388763
10.096249878899375
10.195296555833346
10.29338100041263
10.390530809591938
10.48677228351903
Current segment is :  1010
10.582130509383399
10.676629438414116
10.770291956699337
10.86313995042322
10.95519436604925
11.046475265920735
11.13700187969817
11.226792652008527
11.315865286642168
11.40423678759848
11.49192349725076
Current segment is :  1021
11.578941131873826
11.665304814753883
11.751029107078866
11.83612803678857
11.920615125546975
12.004503413984114
12.08780548534136
12.170533487641915
12.252699154497474
12.334313824652249
12.415388460356857
12.49593366465659
Current segment is :  1033
12.575959697671506
12.655476491939314
12.734493666886218
12.813020542485546
12.891066152159253
12.96863925497298
13.045748347171418
13.12240167309709
13.198607235532368
13.274372805501589
13.349705931567293
13.424613948652174
13.499103986416008
Current segment is :  1046
13.573182977214678
13.646857663666538
13.720134605849529
13.79302018815086
13.865520625789534
13.937641971030622
14.009390119108934
14.080770813878509
14.151789653203297
14.222452094103389
14.292763457670196
14.362728933763158
14.432353585499726
14.501642353549638
Current segment is :  1060
14.57060006024382
14.63923141350761
14.707541010627393
14.775533341859203
14.843212793887307
14.910583653140353
1.4910583653140355
2.161722923632239
2.624316898589838
3.005368440245247
3.3381063457242828
3.6376773888340628
3.9125780721847976
4.168164026394677
4.408077809457808
Current segment is :  1075
4.634934059103501
4.8506868588733045
5.056843229938716
5.254595059396185
5.444904681488151
Current segment is :  1080
5.628562625657468
5.806227878139791
5.978456736701295
6.14572398375873
6.3084387432635
6.466956570050335
Current segment is :  1086
6.621588813079642
6.7726099695164015
6.9202635335782645
7.064766701000695
7.206314191855327
7.345081385926634
7.481226916174403
Current segment is :  1093
7.614894830702968
7.746216407984383
7.875311691065972
8.002290792240398
8.127255008858178
8.2502977826988
8.371505528932765
8.490958355732426
Current segment is :  1101
8.608730691681393
8.724891835038601
8.839506436446502
8.952634924692957
9.06433388353711
9.174656386309898
9.283652293937804
9.391368521165852
9.497849275035348
Current segment is :  1110
9.60313626907393
9.707268916157197
9.810284502583938
9.91221834555624
10.013103935959757
10.11297306808858
10.211855957745975
10.309781349970242
10.406776617479276
10.502867850793574
Current segment is :  1120
10.598079940882325
10.692436655077552
10.785960706915178
10.878673820486867
10.970596789821307
11.061749533756608
11.152151146715601
11.241819945752145
11.33077351419796
11.419028742205734
11.506601864454206
Current segment is :  1131
11.593508495254492
11.679763661273418
11.765381832068748
11.850376948612634
11.934762449963042
12.018551298228145
12.101756001955408
12.184388638065277
12.266460872438687
12.347983979258103
12.428968859193143
12.509426056514089
Current segment is :  1143
12.589365775209597
12.66879789417854
12.747731981560227
12.82617730826199
12.904142860738474
12.981637353072603
13.058669238404335
13.13524671974976
13.211377760249855
13.287070092885198
13.36233122969033
13.437168470498884
13.511588911248397
Current segment is :  1156
13.585599451871603
13.659206803799107
13.732417497096602
13.805237887258162
13.87767416167564
13.949732345802891
14.021418309032205
14.092737770299246
14.163696303431646
14.234299342255467
14.304552185472796
14.374460001322882
14.444027832038469
14.513260598108186
Current segment is :  1170
14.582163102355256
14.650740033842087
14.718995971609742
14.786935388260769
14.854562653393332
14.921882036894102
14.98889771209697
15.055613758814197
15.122034166246245
15.188162835776174
15.254003583654152
15.319560143577316
15.384836169169947
15.44983523636859
15.51456084571658
Current segment is :  1185
15.57901642457211
15.643205329233815
15.707130846987598
15.770796198078232
15.834204537609109
15.897358957373285
15.960262487618866
16.02291809875156
16.085328702977137
16.147497155886334
16.209426257984703
16.271118756169663
16.332577345157027
16.393804668859033
16.45480332171596
16.515575849983147
Current segment is :  1201
16.57612475297529
16.636452484269693
16.696561452870153
16.75645402433301
16.81613252185688
16.875599227337478
16.9348563823889
16.993906189332638
17.052750812155594
17.111392377438257
17.16983297525416
17.22807466004173
17.286119451449522
17.343969335155847
17.40162626366373
17.4590921570721
17.516368903824073
Current segment is :  1218
17.57345836143316
17.63036235718818
17.68708268883765
17.74362112525436
17.799979407080876
17.856159247356544
17.91216233212675
17.96799032103496
18.023644847898176
18.079127521266354
18.13443992496635
18.189583618630873
18.24456013821298
18.29937099648659
18.354017683533485
18.408501667217188
18.46282439364423
18.516987287613162
Current segment is :  1236
18.570991753051715
18.624839173442478
18.678530912237512
18.732068313262175
18.78545270110855
18.8386853815188
18.891767641758733
18.944700750981905
18.99748596058455
19.05012450455162
19.102617599794176
19.154966446478454
19.20717222834678
19.259236113030656
19.311159252356177
19.362942782642065
19.414587824990505
19.46609548557101
19.517466855897496
Current segment is :  1255
19.568703013098798
19.619805020182795
19.670773926294313
19.721610766967025
19.772316564369486
19.822892327545464
19.873339052648763
19.923657723172663
19.973849310174128
20.023914772492933
20.07385505696586
20.12367109863609
20.173363820957903
20.22293413599684
20.272382944625456
20.32171113671474
20.370919591321368
20.42000917687086
20.468980751336783
20.51783516241608
Current segment is :  1275
20.56657324770062
20.615195834845117
20.663703741731442
20.712097776629477
20.76037873835458
20.80854741642173
20.856604591196497
20.90455103404281
20.952387507467737
21.00011476526323
21.04773355264501
21.095244606388576
21.142648654962496
21.18994641865897
21.237138609721775
21.28422593247166
21.331209083429215
21.37808875143532
21.424865617769214
21.471540356264217
21.518113633421216
Current segment is :  1296
21.564586108519908
21.610958433727898
21.657231254207684
21.703405208221575
21.749480927234607
21.795459036015483
21.8413401527356
21.887124889066204
21.932813850273693
21.978407635313157
22.023906836920162
22.069312041700798
22.114623830220097
22.159842777088798
22.204969451048502
22.250004415055297
22.29494822636184
22.33980143659794
22.384564591849706
22.429238232737237
22.473822894490947
22.518319107026517
Current segment is :  1318
22.56272739501849
22.6070482779726
22.651282270296768
22.695429881370924
22.739491615615528
22.783467972558938
22.8273594469036
22.871166528591083
22.914889702865988
22.958529450338784
23.002086247047522
23.045560564518546
23.08895286982613
23.13226362565113
23.175493290338643
23.218642317954675
23.261711158341896
23.30470025717444
23.347610056011785
23.390440992351778
23.43319349968274
23.475868007534757
23.518464941530084
Current segment is :  1341
23.560984723432778
23.603427771197477
23.64579449901742
23.688085317371677
23.730300633071618
23.77244084930665
23.814506365689212
23.85649757829905
23.8984148797268
23.940258659116886
23.982029302209714
24.023727191383248
24.065352705693893
24.106906220916773
24.148388109585355
24.189798741030486
24.23113848141881
24.272407693790605
24.313606738097025
24.3547359712368
24.395795747092347
24.43678641656535
24.47770832761181
24.51856182527654
Current segment is :  1365
24.559347251727168
24.600064946287624
24.640715245471117
24.68129848301264
24.721814989900974
24.762265094410232
24.802649122130934
24.842967396000628
24.883220236334065
24.923407960852927
24.963530884715134
25.003589320543707
25.043583578455245
25.08351396608796
25.12338078862933
25.16318434884335
25.2029249470974
25.24260288138872
25.282218447370518
25.32177193837771
25.3612636454523
25.400693857368392
25.440062860656855
25.479370939629668
25.518618376403886
Current segment is :  1390
25.55780545092531
25.596932440991814
25.63599962227634
25.675007268349603
25.713955650702456
25.752845038767987
25.791675699943273
25.830447899610867
25.869161901159988
25.90781796600742
25.946416353618144
25.984957321525666
26.023441125352107
26.061868018827997
26.100238253811828
26.138552080309328
26.176809746492502
26.2150114987184
26.253157581547654
26.29124823776277
26.32928370838617
26.367264232698023
26.40519004825381
26.443061390901697
26.48087849479966
26.518641592432406
Current segment is :  1416
26.556350914628055
26.594006690574634
26.631609147836347
26.66915851236963
26.706655008539023
26.744098859132826
26.781490285378563
26.818829506958252
26.85611674202347
26.89335220721026
26.93053611765382
26.967668687003023
27.004750127434765
27.041780649668112
27.07876046297831
27.115689775210573
27.15256879279375
27.189397720753796
27.226176762727082
27.262906120973554
27.299585996389723
27.336216588521495
27.37279809557686
27.409330714438415
27.44581464067574
27.482250068557626
27.518637191064165
Current segment is :  1443
27.554976199898686
27.59126728549954
27.627510637051774
27.663706442498643
27.69985488855299
27.735956160708508
27.772010443250842
27.80801791926859
27.843978770664155
27.87989317816448
27.915761321331658
27.951583378573417
27.987359527153487
28.02308994320184
28.058774801724823
28.094414276615172
28.1300085406619
28.16555776556009
28.201062121920568
28.236521779279457
28.27193690610764
28.30730766982012
28.342634236785234
28.377916772333823
28.41315544076825
28.448350405371343
28.483501828415232
28.51860987117009
Current segment is :  1471
28.55367469391276
28.588696455935327
28.623675315553545
28.658611430115208
28.69350495600841
28.728356048669735
28.763164862592323
28.797931551333885
28.832656267524612
28.86733916287499
28.90198038818356
28.936580093344556
28.97113842735549
29.005655538324653
29.04013157347851
29.074566679169052
29.10896100088104
29.14331468323919
29.177627870015268
29.211900704135125
29.24613332768565
29.280325881921645
29.31447850727263
29.348591343349582
29.382664528951608
29.416698202072528
29.450692499907408
29.484647558859013
29.518563514544212
Current segment is :  1500
29.55244050180029
29.58627865469122
29.620078106513844
29.653838989804022
29.687561436342694
29.72124557716188
29.75489154255064
29.78849946206095
29.82206946451353
29.855601678003605
29.88909622990663
29.922553246883925
29.95597285488827
29.989355179169447
30.02270034427972
30.05600847407926
30.089279691741524
30.12251411975857
30.155711879946324
30.188873093449793
30.22199788074823
30.255086361660243
30.28813865534886
30.321154880326535
30.354135154460117
30.387079594975763
30.419988318463798
30.45286144088354
30.485699077568068
30.518501343228948
Current segment is :  1530
30.55126835196091
30.58400021724649
30.616697051960614
30.64935896837514
30.68198607816337
30.714578492404495
30.74713632158803
30.77965967561817
30.81214866381813
30.844603394934442
30.87702397714119
30.909410518044233
30.94176312468538
30.974081903546505
31.006366960553652
31.038618401081084
31.070836329955302
31.10302085145902
31.135172069335116
31.167290086790523
31.19937500650011
31.2314269306105
31.26344596074389
31.295432198001794
31.327385742968776
31.359306695716146
31.391195155805622
31.423051222292948
31.454874993731494
31.486666568175814
31.518426043185173
Current segment is :  1561
31.550153515827045
31.581849082680574
3.1581849082680575
3.474822479862432
3.7626069654858787
4.028380140620281
4.276618878051357
4.51044845896918
4.732155903161668
4.94347607529122
5.145762884162059
5.340097528511463
5.527360025995989
5.708278221173588
5.883462394273407
6.053430337125109
6.218625927775107
6.379433156190883
6.5361868952013085
6.68918129637643
6.838676422266007
6.984903548430962
7.1280694480123
7.268359888122821
7.405942508602868
7.540969211664414
7.673578160452216
7.803895462119091
7.932036594308022
8.058107621352653
8.182206236932092
8.304422662556552
Current segment is :  1593
8.424840425552752
8.543537035754053
8.660584576581122
8.776050223404095
8.889996699842115
9.002482680856907
9.11356315003975
9.22328971730402
9.331710902222875
Current segment is :  1602
9.43887238745082
9.54481724600506
9.649586145631561
9.75321753302041
9.855747800249086
9.957211435507157
10.057641159880994
10.157068051743959
10.255521660098813
10.353030108049413
Current segment is :  1612
10.449620187433275
10.54531744552143
10.640146264584121
10.734129935027498
10.827290722725513
10.919649931100798
11.01122795844688
11.102044350930417
11.192117851665099
11.281466446207572
11.37010740478935
Current segment is :  1623
11.458057321566633
11.545332151141606
11.631947242583658
11.717917371156721
11.803256767939077
11.887979147504375
11.97209773381683
12.055625284479515
12.138574113462065
12.220956112422797
12.30278277073012
12.384065194278971
Current segment is :  1635
12.464814123189807
12.545039948470233
12.624752727712673
12.703962199895434
12.782677799348983
12.860908668944314
12.938663672555741
13.015951406846346
13.092780212420559
13.169158184384935
13.245093182355097
13.32059283994393
13.395664573763565
Current segment is :  1648
13.470315591971245
13.544552902387048
13.618383320209386
13.691813475352399
13.764849819427651
13.837498632390986
13.909766028873989
13.981657964218135
14.053180240228548
14.124338510663122
14.195138286471742
14.265584940799373
14.335683713765913
14.405439717034858
Current segment is :  1662
14.474857938182073
14.543943244875285
14.612700388874204
14.681134009860601
14.749248639107112
14.81704870299298
14.884538526374474
14.951722335817276
15.018604262697664
15.08518834617896
15.151478536069316
15.217478695566584
15.283192603895651
15.34862395884338
15.413776379195944
Current segment is :  1677
15.478653407083135
15.54325851023393
15.60759508414741
15.67166645418287
15.735475877572753
15.799026545361915
15.86232158427642
15.925364058525036
15.98815697153632
16.05070326763413
16.11300583365418
16.17506750050416
16.23689104466982
16.298479189669308
16.35983460745785
16.420959919784913
Current segment is :  1693
16.481857699505763
16.542530471849258
16.60298071564368
16.6632108645023
16.723223307970223
16.78302039263412
1.6783020392634123
2.274142344884973
2.713868557384033
3.0823462411241493
3.406774427243595
3.7003072165011144
3.9705550476921596
4.222409004629802
4.4592406329499195
4.683494061350008
4.897009865341815
Current segment is :  1710
5.1012161110913725
5.297247798089643
5.486025072273537
1
2.0
Current segment is :  1715
2.5
2.9
Current segment is :  1717
3.2448275862068963
3.5530103704789475
3.8344618428159674
Current segment is :  1720
4.095254632258779
4.339439692724345
4.569884190357676
4.7887081163796905
Current segment is :  1724
4.997532704493449
5.197631445038131
5.390026771750771
5.575554607204394
5.754908962142979
Current segment is :  1729
5.92867365704575
6.097345447373015
6.261351244425376
6.4210611793839565
6.576798676981813
6.7288483365677
Current segment is :  1735
6.877462178042702
7.02286464978477
7.165256686349315
7.3048190277662135
7.441714958548197
7.576092585959378
7.70808674899974
Current segment is :  1742
7.837820628827931
7.965407115857494
8.090949977064074
8.214544858114477
8.336280148051104
8.456237728919326
8.574493628535313
1
Current segment is :  1750
2.0
Current segment is :  1751
2.5
2.9
Current segment is :  1753
3.2448275862068963
3.5530103704789475
3.8344618428159674
Current segment is :  1756
4.095254632258779
4.339439692724345
4.569884190357676
4.7887081163796905
Current segment is :  1760
4.997532704493449
5.197631445038131
5.390026771750771
5.575554607204394
5.754908962142979
Current segment is :  1765
5.92867365704575
6.097345447373015
6.261351244425376
6.4210611793839565
6.576798676981813
6.7288483365677
Current segment is :  1771
6.877462178042702
7.02286464978477
7.165256686349315
7.3048190277662135
7.441714958548197
7.576092585959378
1
Current segment is :  1778
2.0
Current segment is :  1779
2.5
2.9
Current segment is :  1781
3.2448275862068963
3.5530103704789475
3.8344618428159674
Current segment is :  1784
4.095254632258779
4.339439692724345
4.569884190357676
4.7887081163796905
Current segment is :  1788
4.997532704493449
5.197631445038131
5.390026771750771
5.575554607204394
5.754908962142979
Current segment is :  1793
5.92867365704575
6.097345447373015
6.261351244425376
6.4210611793839565
6.576798676981813
6.7288483365677
Current segment is :  1799
6.877462178042702
7.02286464978477
7.165256686349315
7.3048190277662135
7.441714958548197
7.576092585959378
7.70808674899974
Current segment is :  1806
7.837820628827931
7.965407115857494
8.090949977064074
8.214544858114477
8.336280148051104
8.456237728919326
8.574493628535313
8.691118591282043
Current segment is :  1814
8.806178579187753
8.919735213431279
9.031846164717614
9.142565499586983
9.25194398859482
9.36002938137635
9.466866652847923
9.572498224166102
9.676964161540262
Current segment is :  1823
9.780302355555111
9.882548683290779
9.983737155217133
10.083900048575902
10.183068028740603
10.281270259853821
10.378534505878438
10.474887223059616
10.570353644674025
10.664957858838974
Current segment is :  1833
10.758722880064184
10.851670715150911
10.943822423975233
11.035198175633012
11.125817300372258
11.215698337693134
11.304859080955927
11.39331661880216
11.481087373662929
11.568187137601138
11.654631105709987
Current segment is :  1844
11.740433907268422
11.825609634835093
11.910171871445227
11.994133716059537
12.077507807400627
12.160306346300121
12.242541116668736
12.324223505191693
12.405364519842939
12.485974807303695
12.566064669363568
12.645644078376003
Current segment is :  1856
12.724722691833897
12.803309866125856
12.881414669528743
12.959045894487716
13.036212069230979
13.112921468762785
13.189182125274927
13.265001838013873
13.340388182637986
13.415348520096641
13.48989000506082
13.56401959393255
13.637744052458643
Current segment is :  1869
13.711069962972392
13.78400373128519
13.856551593248572
13.928719621005726
14.000513728950287
14.071939679408962
14.14300308806351
14.213709429126533
14.284064040284603
14.354072127421412
14.423738769132767
14.49306892104456
14.562067419944125
14.630738987734725
Current segment is :  1883
14.699088235222384
14.767119665743616
14.834837678642216
14.90224657260266
14.96935054884732
15.036153714204216
15.102660084051667
15.168873585145821
15.234798058336715
15.300437261178185
15.365794870436668
15.430874484503622
15.495679625716082
15.560213742589564
15.624480211967354
Current segment is :  1898
15.688482341089964
15.75222336958836
15.815706471404363
15.878934756641451
15.941911273349017
16.004639009243004
16.06712089336563
16.12935979768687
16.191358538650128
16.25311987866449
16.314646527545772
16.375941143908534
16.437006336511036
16.4978446655551
16.558458643942704
16.61885073849106
Current segment is :  1914
16.679023371107817
16.738978919928034
16.798719720414347
16.858248066421858
16.917566211229076
16.976676368536232
17.035580713432232
17.09428138333141
17.152780478881287
17.211080064842363
17.269182170941022
17.32708879269655
17.3848018922232
17.442323399008234
17.499655210666816
17.556799193674575
17.613757184078672
Current segment is :  1931
17.670530988188105
17.727122383244
17.783533118070608
17.839764913707654
17.89581946402472
17.951698436318235
18.007403471891745
18.062936186619936
18.118298171497052
18.17349099317018
18.228516194457914
18.283375294854906
18.338069791022768
18.392601157267734
18.44697084600558
18.501180288214165
18.55523089387401
18.609124052397313
Current segment is :  1949
18.662861133045727
18.716443485337322
18.76987243944302
18.823149306572848
18.87627537935233
18.929251932189327
18.98208022163163
19.03476148671555
19.087296949305816
19.13968781442705
19.19193527058703
19.244040490092047
19.29600462935453
19.347828829193222
19.399514215126093
19.45106189765622
19.502472972550827
19.553748521113693
19.604889610451128
Current segment is :  1968
19.655897293731677
19.706772610439753
19.757516586623364
19.808130235136105
1.9808130235136105
2.4856562308882157
2.8879644775288478
3.2342291244041697
3.543421813460863
3.825634898056428
4.08702941861249
4.331705905511742
4.562561836595979
4.781736948257825
1
2.0
2.5
2.9
3.2448275862068963
3.5530103704789475
Current segment is :  1988
3.8344618428159674
4.095254632258779
4.339439692724345
4.569884190357676
Current segment is :  1992
4.7887081163796905
1
2.0
2.5
2.9
Current segment is :  1997
3.2448275862068963
3.5530103704789475
3.8344618428159674
