4.0
Current segment is :  0
5.5
7.0
8.5
10.0
Current segment is :  4
11.5
13.0
14.5
16.0
17.5
19.0
20.5
22.0
23.5
25.0
Current segment is :  14
26.5
28.0
29.5
31.0
32.5
34.0
35.5
37.0
38.5
40.0
41.5
43.0
44.5
46.0
47.5
49.0
50.5
52.0
53.5
55.0
56.5
58.0
59.5
61.0
62.5
Current segment is :  39
64.0
65.5
67.0
68.5
70.0
71.5
73.0
74.5
76.0
77.5
79.0
80.5
82.0
83.5
85.0
86.5
88.0
89.5
91.0
92.5
94.0
95.5
97.0
98.5
100.0
101.5
103.0
104.5
106.0
107.5
109.0
110.5
112.0
113.5
115.0
116.5
118.0
119.5
121.0
122.5
124.0
125.5
127.0
128.5
130.0
131.5
133.0
134.5
136.0
137.5
139.0
140.5
142.0
143.5
145.0
146.5
148.0
149.5
151.0
152.5
154.0
155.5
157.0
Current segment is :  102
158.5
160.0
161.5
163.0
164.5
166.0
167.5
169.0
170.5
172.0
173.5
175.0
176.5
178.0
179.5
181.0
182.5
184.0
185.5
187.0
188.5
190.0
191.5
193.0
194.5
196.0
197.5
199.0
200.5
202.0
203.5
205.0
206.5
208.0
209.5
211.0
212.5
214.0
215.5
217.0
218.5
220.0
221.5
223.0
224.5
226.0
227.5
229.0
230.5
232.0
233.5
235.0
236.5
238.0
239.5
241.0
242.5
244.0
245.5
247.0
248.5
250.0
251.5
253.0
254.5
256.0
257.5
259.0
260.5
262.0
263.5
265.0
266.5
268.0
269.5
271.0
272.5
274.0
275.5
277.0
278.5
280.0
281.5
283.0
284.5
286.0
287.5
289.0
290.5
292.0
293.5
295.0
296.5
298.0
299.5
301.0
302.5
304.0
305.5
307.0
308.5
310.0
311.5
313.0
314.5
316.0
317.5
319.0
320.5
322.0
323.5
325.0
326.5
328.0
329.5
331.0
332.5
334.0
335.5
337.0
338.5
340.0
341.5
343.0
344.5
346.0
347.5
349.0
350.5
352.0
353.5
355.0
356.5
358.0
359.5
361.0
362.5
364.0
365.5
367.0
368.5
370.0
371.5
373.0
374.5
376.0
377.5
379.0
380.5
382.0
383.5
385.0
386.5
388.0
389.5
391.0
392.5
Current segment is :  259
394.0
395.5
397.0
39.7
39.725188916876576
39.75036186198434
39.77551886567331
39.800659958197514
39.825785169715374
39.85089453029015
39.87598806989037
39.90106581839022
39.92612780557
39.95117406111648
39.97620461462338
40.0012194955917
40.02621873343019
40.05120235745573
40.07617039689372
40.101122880878506
40.12605983845375
40.15098129857283
40.175887290099254
40.20077784180703
40.22565298238106
40.2505127404175
40.275357144424206
40.300186222821054
40.32500000394035
40.34979851602721
40.3745817872399
40.39934984565025
40.424102719244026
40.448840435921255
40.473563023496645
40.49827050969991
40.52296292217615
40.54764028848622
40.572302636107075
40.59694999243213
40.621582384771614
40.646199840352935
40.670802386321014
40.69539004973865
40.71996285758686
40.74452083676521
40.7690640140922
40.793592416305565
40.818106070062626
40.84260500194064
40.867089238437124
40.8915588059702
40.91601373087891
40.940454039423564
4.094045403942356
4.338302587567396
4.568807486618415
4.787682981576104
4.996552283041591
5.196690286879562
5.389120457775983
5.574679494326575
5.754062004301851
5.927852276157173
6.0965474381506946
6.260574702786125
6.420304447653633
6.576060301313417
6.728127033396192
6.8767568073342185
7.022174193467967
7.1645802307505795
7.3041557491749485
7.441064111255392
7.575453492269782
7.707458790833153
7.83720324061073
7.964799778469824
8.090352212656954
8.213956225648571
8.335700239437863
8.455666165667887
8.57393005882633
8.690562687403764
8.805630035280952
8.91919374349869
9.031311500860886
9.142037390440121
9.251422197927969
9.3595136868478
9.46635684488551
9.571994104961997
9.676465544145355
9.77980906306121
9.882060548090406
9.98325401833212
10.083421759047093
10.182594443072015
10.280801241505431
10.37806992480249
10.47442695527596
10.569897571880556
10.664505868053675
10.758274863295693
10.851226569094894
10.943382049734113
11.03476147845691
11.125384189419199
11.21526872580681
11.304432884459466
11.3928937573065
11.48066776988857
11.567770717212138
11.65421779715919
11.740023641652996
11.825202345761568
11.909767494903258
11.993732190303731
12.077109072839798
12.159910345393417
12.242147793828128
12.323832806690344
12.404976393729038
12.48558920331935
12.565681538868413
12.645263374275174
12.724344368510087
12.802933879375164
12.881040976500062
12.958674453625425
13.035842840220726
13.112554412480144
13.188817203736761
13.26463901433223
13.340027420976355
13.414989785628437
13.48953326392995
13.563664813215938
13.637391200130605
13.710719007870726
13.783654643078911
13.856204342407175
13.9283741787699
14.000170067303985
14.07159777105277
14.142662906389225
14.213370948192882
14.283727234794066
14.353736972698055
14.423405241101056
14.492736996209093
14.561737075370232
14.630410201029903
14.698760984518504
14.766793929679885
14.834513436348837
14.901923803685168
14.969029233371549
15.03583383268188
15.102341617426507
15.168556514780313
15.234482365999288
15.300122929030941
15.36548188102358
15.430562820739178
15.495369270874358
15.559904680293714
15.62417242617949
15.688175816101404
15.751918090010246
15.815402422158607
15.87863192295202
15.94160964073352
16.004338563504582
16.066821620585138
16.12906168421532
1.612906168421532
2.2329050372823587
2.680752116895331
3.053781757979093
3.3812445825202193
3.6769936700513695
3.9489549758716294
4.202186528550772
4.440157878276858
4.6653750951898925
4.879720132747757
5.084649918226438
5.28132029201469
5.470666884288594
5.653459955252563
5.830342785928831
6.001859287911088
6.168474323690783
6.330588964609264
6.488552150276575
6.642669737195773
6.79321161863246
6.9404173964205675
7.084500949740536
7.225654152639976
7.364049926763021
7.499844769267512
7.633180862315431
7.76418784590951
7.892984317587722
8.019679108779911
8.144372377230665
8.267156546922577
8.38811712076973
8.507333386542165
8.624879032699855
8.740822687817644
8.855228394890702
8.96815602988846
9.079661672371405
9.189797934721676
9.298614255505152
9.406157161633123
9.512470503289682
9.6175956650081
9.721571755793276
1
2.0
2.5
2.9
3.2448275862068963
3.5530103704789475
3.8344618428159674
4.095254632258779
4.339439692724345
4.569884190357676
4.7887081163796905
4.997532704493449
5.197631445038131
5.390026771750771
5.575554607204394
5.754908962142979
5.92867365704575
6.097345447373015
6.261351244425376
6.4210611793839565
6.576798676981813
6.7288483365677
6.877462178042702
7.02286464978477
7.165256686349315
7.3048190277662135
7.441714958548197
7.576092585959378
7.70808674899974
7.837820628827931
7.965407115857494
8.090949977064074
8.214544858114477
8.336280148051104
8.456237728919326
8.574493628535313
8.691118591282043
8.806178579187753
8.919735213431279
9.031846164717614
9.142565499586983
9.25194398859482
9.36002938137635
9.466866652847923
9.572498224166102
9.676964161540262
9.780302355555111
9.882548683290779
9.983737155217133
10.083900048575902
10.183068028740603
10.281270259853821
10.378534505878438
10.474887223059616
10.570353644674025
10.664957858838974
10.758722880064184
10.851670715150911
10.943822423975233
11.035198175633012
11.125817300372258
11.215698337693134
11.304859080955927
11.39331661880216
11.481087373662929
11.568187137601138
11.654631105709987
11.740433907268422
11.825609634835093
11.910171871445227
11.994133716059537
12.077507807400627
12.160306346300121
12.242541116668736
12.324223505191693
12.405364519842939
12.485974807303695
12.566064669363568
12.645644078376003
12.724722691833897
12.803309866125856
12.881414669528743
12.959045894487716
13.036212069230979
13.112921468762785
13.189182125274927
13.265001838013873
13.340388182637986
13.415348520096641
13.48989000506082
13.56401959393255
13.637744052458643
13.711069962972392
13.78400373128519
13.856551593248572
13.928719621005726
14.000513728950287
14.071939679408962
14.14300308806351
14.213709429126533
14.284064040284603
14.354072127421412
14.423738769132767
14.49306892104456
14.562067419944125
14.630738987734725
14.699088235222384
14.767119665743616
14.834837678642216
14.90224657260266
14.96935054884732
15.036153714204216
15.102660084051667
15.168873585145821
15.234798058336715
15.300437261178185
15.365794870436668
15.430874484503622
15.495679625716082
15.560213742589564
15.624480211967354
15.688482341089964
15.75222336958836
15.815706471404363
15.878934756641451
15.941911273349017
16.004639009243004
16.06712089336563
16.12935979768687
16.191358538650128
16.25311987866449
16.314646527545772
16.375941143908534
16.437006336511036
16.4978446655551
16.558458643942704
16.61885073849106
16.679023371107817
16.738978919928034
16.798719720414347
16.858248066421858
1.685824806642186
2.279006254714357
2.717793992980278
3.0857394673550376
3.4098108967739176
3.7030822922481117
3.9731276007451335
4.224818485229301
4.461515044737402
4.6856541521869115
4.899071525198377
5.1031918355176895
5.2991476279376615
5.487857222425631
5.670077706572629
5.84644213255586
6.017486329578099
6.183668676363773
6.345384973328771
6.502979824421848
6.656755482197152
6.806978815872905
6.953886868189469
7.097691335957632
7.238582219016169
7.3767308190794445
7.51229222487367
7.645407387338855
7.7762048647441855
7.904802299790401
Current segment is :  652
8.031307677417178
8.15582040189066
8.278432223966607
8.399228042902582
8.51828660339077
8.63568110378266
8.751479729042453
8.865746119522845
Current segment is :  660
8.978539784773188
9.089916470066258
9.19992848209003
9.308624979236367
9.416052231084043
9.522253850983605
9.627271005078557
9.731142600619233
9.833905456024965
Current segment is :  669
9.935594454813064
10.036242685228263
10.13588156716481
10.234540967767861
1.0234540967767862
2.0005374883517955
2.5004031523658603
2.9003386583876827
3.245125980760549
3.5532804271298803
Current segment is :  679
3.83471050857373
4.095486386639148
4.339657629220332
4.570090553989943
Current segment is :  683
4.788904598960441
4.997720619270613
5.197811836083357
5.390200485679706
1
Current segment is :  688
2.0
Current segment is :  689
2.5
2.9
Current segment is :  691
3.2448275862068963
3.5530103704789475
3.8344618428159674
Current segment is :  694
4.095254632258779
4.339439692724345
4.569884190357676
4.7887081163796905
Current segment is :  698
4.997532704493449
5.197631445038131
1
2.0
2.5
Current segment is :  703
2.9
3.2448275862068963
3.5530103704789475
Current segment is :  706
3.8344618428159674
4.095254632258779
4.339439692724345
4.569884190357676
Current segment is :  710
4.7887081163796905
4.997532704493449
5.197631445038131
5.390026771750771
5.575554607204394
Current segment is :  715
5.754908962142979
5.92867365704575
6.097345447373015
6.261351244425376
6.4210611793839565
6.576798676981813
Current segment is :  721
6.7288483365677
6.877462178042702
7.02286464978477
7.165256686349315
7.3048190277662135
7.441714958548197
7.576092585959378
Current segment is :  728
7.70808674899974
7.837820628827931
7.965407115857494
8.090949977064074
8.214544858114477
8.336280148051104
8.456237728919326
8.574493628535313
Current segment is :  736
8.691118591282043
8.806178579187753
8.919735213431279
9.031846164717614
9.142565499586983
9.25194398859482
9.36002938137635
9.466866652847923
9.572498224166102
Current segment is :  745
9.676964161540262
9.780302355555111
9.882548683290779
9.983737155217133
10.083900048575902
10.183068028740603
10.281270259853821
10.378534505878438
10.474887223059616
10.570353644674025
Current segment is :  755
10.664957858838974
10.758722880064184
10.851670715150911
10.943822423975233
11.035198175633012
11.125817300372258
11.215698337693134
11.304859080955927
11.39331661880216
11.481087373662929
11.568187137601138
Current segment is :  766
11.654631105709987
11.740433907268422
11.825609634835093
11.910171871445227
11.994133716059537
12.077507807400627
12.160306346300121
12.242541116668736
12.324223505191693
12.405364519842939
12.485974807303695
12.566064669363568
Current segment is :  778
12.645644078376003
12.724722691833897
12.803309866125856
12.881414669528743
12.959045894487716
13.036212069230979
13.112921468762785
13.189182125274927
13.265001838013873
13.340388182637986
13.415348520096641
13.48989000506082
13.56401959393255
Current segment is :  791
13.637744052458643
13.711069962972392
13.78400373128519
13.856551593248572
13.928719621005726
14.000513728950287
14.071939679408962
14.14300308806351
14.213709429126533
14.284064040284603
14.354072127421412
14.423738769132767
14.49306892104456
14.562067419944125
Current segment is :  805
14.630738987734725
14.699088235222384
14.767119665743616
14.834837678642216
14.90224657260266
14.96935054884732
15.036153714204216
15.102660084051667
15.168873585145821
15.234798058336715
15.300437261178185
15.365794870436668
15.430874484503622
15.495679625716082
15.560213742589564
Current segment is :  820
15.624480211967354
15.688482341089964
15.75222336958836
15.815706471404363
15.878934756641451
15.941911273349017
16.004639009243004
16.06712089336563
16.12935979768687
16.191358538650128
16.25311987866449
16.314646527545772
16.375941143908534
16.437006336511036
16.4978446655551
16.558458643942704
Current segment is :  836
16.61885073849106
16.679023371107817
16.738978919928034
16.798719720414347
16.858248066421858
16.917566211229076
16.976676368536232
17.035580713432232
17.09428138333141
17.152780478881287
17.211080064842363
17.269182170941022
17.32708879269655
17.3848018922232
17.442323399008234
17.499655210666816
17.556799193674575
Current segment is :  853
17.613757184078672
17.670530988188105
17.727122383244
17.783533118070608
17.839764913707654
17.89581946402472
17.951698436318235
18.007403471891745
18.062936186619936
18.118298171497052
18.17349099317018
18.228516194457914
18.283375294854906
18.338069791022768
18.392601157267734
18.44697084600558
18.501180288214165
18.55523089387401
Current segment is :  871
18.609124052397313
18.662861133045727
18.716443485337322
18.76987243944302
18.823149306572848
18.87627537935233
18.929251932189327
18.98208022163163
19.03476148671555
19.087296949305816
19.13968781442705
19.19193527058703
19.244040490092047
19.29600462935453
19.347828829193222
19.399514215126093
19.45106189765622
19.502472972550827
19.553748521113693
Current segment is :  890
19.604889610451128
19.655897293731677
19.706772610439753
19.757516586623364
19.808130235136105
19.858614555873565
19.908970536004325
19.95919915019568
20.009301360834236
20.059278118241537
20.109130360884837
2.0109130360884837
2.508199583071711
2.9068919386359093
3.2509019744782672
3.558508911830012
3.839525490621081
4.099974340991453
4.3438783064387545
4.574087333822819
Current segment is :  910
4.792710181840074
5.001360394779941
5.2013059937901085
5.3935653996381605
5.578971513387534
Current segment is :  915
5.758216020659234
5.93188091902571
6.10046151153097
6.26438353580894
6.424016162751994
6.579682022654128
Current segment is :  921
6.731665051097898
6.880216708438144
7.025560967547535
7.167898355923951
7.307409262795774
7.444256668495535
7.578588415039424
Current segment is :  928
7.710539108920034
7.840231726501486
7.967778977001724
8.093284466409301
8.216843696799687
8.338544928671663
8.458469928603192
8.576694620354875
Current segment is :  936
8.693289654253682
8.808320907067246
8.921849922477852
9.03393430057085
9.14462804337755
1
2.0
2.5
2.9
Current segment is :  945
3.2448275862068963
3.5530103704789475
3.8344618428159674
Current segment is :  948
4.095254632258779
4.339439692724345
4.569884190357676
4.7887081163796905
Current segment is :  952
4.997532704493449
5.197631445038131
5.390026771750771
5.575554607204394
5.754908962142979
Current segment is :  957
5.92867365704575
6.097345447373015
6.261351244425376
6.4210611793839565
6.576798676981813
6.7288483365677
Current segment is :  963
6.877462178042702
7.02286464978477
7.165256686349315
7.3048190277662135
7.441714958548197
7.576092585959378
7.70808674899974
Current segment is :  970
7.837820628827931
7.965407115857494
8.090949977064074
8.214544858114477
8.336280148051104
8.456237728919326
8.574493628535313
8.691118591282043
Current segment is :  978
8.806178579187753
8.919735213431279
9.031846164717614
9.142565499586983
9.25194398859482
9.36002938137635
9.466866652847923
9.572498224166102
9.676964161540262
Current segment is :  987
9.780302355555111
9.882548683290779
9.983737155217133
10.083900048575902
10.183068028740603
10.281270259853821
10.378534505878438
10.474887223059616
10.570353644674025
10.664957858838974
Current segment is :  997
10.758722880064184
10.851670715150911
10.943822423975233
11.035198175633012
11.125817300372258
11.215698337693134
11.304859080955927
11.39331661880216
11.481087373662929
11.568187137601138
11.654631105709987
Current segment is :  1008
11.740433907268422
11.825609634835093
11.910171871445227
11.994133716059537
12.077507807400627
12.160306346300121
12.242541116668736
12.324223505191693
12.405364519842939
12.485974807303695
12.566064669363568
12.645644078376003
Current segment is :  1020
12.724722691833897
12.803309866125856
12.881414669528743
12.959045894487716
13.036212069230979
13.112921468762785
13.189182125274927
13.265001838013873
13.340388182637986
13.415348520096641
13.48989000506082
13.56401959393255
13.637744052458643
Current segment is :  1033
13.711069962972392
13.78400373128519
13.856551593248572
13.928719621005726
14.000513728950287
14.071939679408962
14.14300308806351
14.213709429126533
14.284064040284603
14.354072127421412
14.423738769132767
14.49306892104456
14.562067419944125
14.630738987734725
Current segment is :  1047
14.699088235222384
14.767119665743616
14.834837678642216
14.90224657260266
14.96935054884732
15.036153714204216
15.102660084051667
15.168873585145821
15.234798058336715
15.300437261178185
15.365794870436668
15.430874484503622
15.495679625716082
15.560213742589564
15.624480211967354
Current segment is :  1062
15.688482341089964
15.75222336958836
15.815706471404363
15.878934756641451
15.941911273349017
16.004639009243004
16.06712089336563
16.12935979768687
16.191358538650128
16.25311987866449
16.314646527545772
16.375941143908534
16.437006336511036
16.4978446655551
16.558458643942704
1.6558458643942704
Current segment is :  1078
2.259766809877812
2.702290346212993
Current segment is :  1080
3.072346806430677
3.3978308949804843
3.6921363006665855
Current segment is :  1083
3.962982206279403
4.215317429590647
4.452547487991518
4.6771380179515
Current segment is :  1087
4.890943981376539
5.095403489358586
5.291658801050473
5.480635459901094
5.6630960536253925
Current segment is :  1092
5.839677907531936
6.010920228741161
6.177284106807369
6.339167546634591
6.496916966040754
6.650836125732494
Current segment is :  1098
6.8011931607120415
6.948226185119674
7.092147809626026
7.2331488190300774
7.37140119362094
7.5070606121946275
7.640268541590532
Current segment is :  1105
7.771153993398463
7.899835010509885
8.026419932684792
8.151008480055438
8.273692685629127
8.394557701770823
8.513682500899794
8.631140486899895
Current segment is :  1113
8.747000030782626
8.861324941778484
8.97417488313266
9.085605740344898
9.195669948343653
9.304416783062326
9.41189262204456
9.518141178010636
9.623203708739878
Current segment is :  1122
9.727119206142453
9.829924566990556
9.931654747439556
10.032342903182968
10.132020516842159
10.230717513984805
10.328462368989653
10.425282201823862
10.521202866669276
10.616249033221957
Current segment is :  1132
10.710444261392533
10.803811070050942
10.896371000386274
10.988144674388797
11.079151848905784
11.16941146567408
11.258941697689725
11.347759992237355
11.435883110869057
11.523327166593058
11.610107658506806
Current segment is :  1143
11.696239504085971
11.781737069320563
11.866614196871133
11.95088423240188
12.034560049232967
12.117654071441427
12.200178295528396
12.282144310760035
12.363563318280077
12.444446149083511
12.52480328093334
12.6046448542954
Current segment is :  1155
12.683980687360082
12.762820290214139
12.841172878220627
12.91904738466046
12.99645247268478
13.073396546623552
13.149887762692284
13.225934039135579
13.301543065843333
13.37672231347272
13.451479042106671
13.525820309477325
13.599752978780888
Current segment is :  1168
13.67328372610845
13.746419047515593
13.819165265752023
13.89152853667102
13.963514855337118
14.035130061849237
14.10637984689528
14.177269757053207
14.247805199852586
14.317991448609718
14.387833647048598
14.45733681371922
14.526505846223952
14.595345525262111
Current segment is :  1182
14.663860518502194
14.732055384290657
14.799934575205615
14.867502441463301
14.93476323418469
15.00172110852923
15.068380126702248
15.134744260842183
15.20081739579348
15.266603331770629
15.332105786918524
15.39732839977404
15.462274731633446
15.526948268830024
15.591352424926008
Current segment is :  1197
15.655490542822777
15.719365896792983
15.782981694438105
15.84634107857478
15.909447129053023
15.972302864509338
16.034911244057536
16.097275168919957
16.159397484001627
16.221280979409794
16.282928391921132
16.344342406398784
16.405525657161355
16.46648072930581
16.52721015998618
16.587716439649828
Current segment is :  1213
16.648002013233043
16.708069281317535
16.767920601249404
16.82755828822208
16.88698461632459
16.946201819556556
17.005212092811178
17.06401759282742
17.122620439112595
17.181022714836452
17.239226467697826
17.297233710764896
17.355046423290002
17.412666551499974
17.47009600936287
17.527336679331945
17.584390413067727
Current segment is :  1230
17.641259032138926
17.697944328702974
17.754448066166887
17.810771979829155
17.86691777750331
17.922887140123827
17.978681722334933
18.034303153062954
18.08975303607272
18.145032950508586
18.200144451420574
18.255089070276163
18.309868315458168
18.364483672749174
18.418936605802983
18.473228556603495
18.5273609459114
18.581335173699124
Current segment is :  1248
18.63515261957435
18.68881464319253
18.742322584658698
18.795677764918935
18.848881486141824
18.901935032090172
18.954839668483338
19.007596643350432
19.060207187374672
19.112672514229168
19.164993820904385
19.217172288027566
19.269209080174296
19.321105346172512
19.37286221939913
19.424480818069526
19.475962245520073
19.527307590483968
19.578517927360483
Current segment is :  1267
19.629594316477892
19.68053780435021
19.73134942392795
19.782030194843056
19.832581123648165
19.88300320405038
19.93329741713969
19.983464731612216
20.03350610398835
20.08342247882605
20.133214788929287
20.18288395555189
20.232430888596856
20.281856486811236
20.331161637976777
20.380347219096357
20.429414096576394
20.47836312640528
2.0478363126405283
2.53615659186762
Current segment is :  1287
2.9304540115169333
3.271698063145082
3.577349740255744
Current segment is :  1290
3.856886288988189
4.116162794716425
4.359107510431658
4.588512267622649
Current segment is :  1294
4.8064478296688
5.014501684706462
5.213923294843689
5.405717447432959
5.590706768411042
Current segment is :  1299
5.76957502987134
5.942898020702139
6.111166094042198
6.274800985421587
6.43416858964096
6.589588825537483
Current segment is :  1305
6.741343362349335
6.889681749262697
7.034826334512519
7.176976254418011
7.316310698973881
7.452991608402762
7.587165917531538
Current segment is :  1312
7.718967437475805
7.848518443889561
7.975931025913694
8.10130823852386
8.224745092246415
8.346329407478594
8.4661425554121
8.58426010345182
Current segment is :  1320
8.700752379774842
8.815684969090283
8.92911914958859
9.041112279397602
9.15171813950607
9.260987239008076
9.368967087612976
9.475702439615882
9.581235512902271
Current segment is :  1329
9.685606186042847
9.78885217610189
9.891009199418818
9.992111117316009
10.092190068426454
10.191276589114219
10.289399723272716
10.386587122624904
10.48286513851154
10.57825890603472
Current segment is :  1339
10.67279242132139
10.766488612582663
10.859369405567602
10.951455783943063
11.042767845072524
11.133324851615608
11.223145279325026
11.312246861378158
11.400646629545715
11.488360952469154
11.575405571291396
Current segment is :  1350
11.66179563286126
11.747545720710693
11.832669883984817
11.917181664487835
12.001094121992775
12.084419857949419
12.167171037712688
12.249359411402878
12.33099633349932
12.412092781260261
12.492659372053861
12.572706379677955
Current segment is :  1362
12.652243749739851
12.731281114161522
12.809827804870256
12.887892866730011
12.965485069764341
13.042612920717794
13.119284673999035
13.195508342045654
13.2712917051476
13.34664232076342
13.421567532360969
13.496074477811929
13.570170097367381
Current segment is :  1375
13.643861141239706
13.717154176814322
13.790055595513127
13.862571619329984
13.934708307057216
14.006471560220797
14.077867128740714
14.148900616331916
14.219577485660245
14.289903063266784
14.359882544273242
14.429520996880141
14.49882336666887
14.56779448071795
Current segment is :  1389
14.636439051543245
14.704761680871215
14.772766863253793
14.840458989532955
14.907842350162522
14.974921138394349
15.041699453335593
15.1081813028834
15.174370606542945
15.240271198134455
15.305886828394526
15.371221167476719
15.436277807356175
15.50106026414271
15.565571980306618
Current segment is :  1404
15.62981632682117
15.693796605225591
15.757516049612109
15.820977828540434
15.884185046882909
15.94714074760337
16.009847913472605
16.072309468723137
16.134528280645966
16.19650716113171
16.258248868158507
16.319756107228915
16.38103153275792
16.44207774941407
16.502897313415687
16.563492733783907
Current segment is :  1420
16.623866473554404
16.68402095094935
16.74395854051124
16.80368157420011
16.863192342455523
16.92249309522476
16.981586042958458
17.040473357575024
17.099157173394932
17.157639588046102
17.21592266334142
17.274008426129456
17.33189886911936
17.38959595168091
17.447101600620577
17.504417710934536
17.561546146539413
Current segment is :  1437
17.618488740981594
17.675247298125825
17.731823592823893
17.78821937156403
17.84443635310174
17.90047622907273
17.956340664588467
18.012031298815078
18.067549745536063
18.122897593699427
18.17807640794973
18.23308772914556
18.287933074862924
18.342613939885037
18.397131796678913
18.45148809585923
18.50568426663986
18.559721717273487
Current segment is :  1455
18.61360183547964
18.667325988861595
18.720895525312432
18.774311773410602
18.827576042805354
18.88068962459233
18.93365379167961
18.986469799144555
19.03913888458165
19.091662268441716
19.144041154362665
19.196276729492116
19.248370164802083
19.300322615395984
19.3521352208082
19.403809105296396
19.455345378126818
19.50674513385278
19.55800945258654
Current segment is :  1474
19.609139400264713
19.660136028907502
19.711000376871812
19.761733469098495
19.81233631735387
19.86280992046569
19.91315526455367
19.963373323254796
20.0134650579435
20.063431417946866
20.11327334075502
20.162991752226798
20.21258756679085
20.262061687642305
20.311415006935075
20.36064840596998
20.409762755378754
20.458758915304056
20.5076377355756
20.5564000558825
Current segment is :  1494
20.60504670594192
20.65357850566415
20.70199626531417
20.750300785669797
20.79849285817655
20.846573265099252
20.894542779670463
2.089454277967046
2.5680481436212683
2.9574489430119977
3.295578195374189
3.599015085872992
3.87686888090854
4.134808994623619
4.3766581347653455
4.6051429670753325
4.822291491485876
5.029661784585241
5.228482310264477
5.419742400795302
5.6042530151472425
Current segment is :  1515
5.78268892753328
5.955618859011812
6.123527522019493
6.286832087305452
6.4458947099607045
6.601032211424189
Current segment is :  1521
6.752523670331075
6.900616449982297
7.04553103946112
7.1874649823249195
7.326596094957698
7.463085125748984
7.597077969613222
Current segment is :  1528
7.728707525608277
7.858095265626463
7.985352567325805
8.11058185326764
8.233877569665239
8.355327031542611
8.475011155961063
8.593005100936184
Current segment is :  1536
8.709378824476863
8.824197575636198
8.937522327425643
9.049410159798537
9.159914599573236
9.26908592307516
9.376971426381427
9.483615667312627
9.589060682703405
Current segment is :  1545
9.69334618397297
9.796509733589449
9.89858690466307
9.999611425600389
10.09961531149538
10.19862898371533
10.296681378953627
10.393800048862555
10.490011251242713
10.585340033648121
Current segment is :  1555
10.67981031016463
10.773444932031298
10.866265752698125
10.958293687847023
11.049548770844938
11.140050204047222
11.2298164063249
11.318865057150285
11.407213137540932
11.494876968131509
11.581872244616191
Current segment is :  1566
11.668214070780337
11.75391698931902
11.838995010621085
11.923461639680635
12.007329901282791
12.09061236359718
12.173321160300548
12.255468011339127
12.33706424243163
12.418120803405078
12.498648285447755
12.578656937356483
Current segment is :  1578
12.658156680848982
12.7371571250063
12.815667579904964
12.893697069493786
12.971254343765878
13.048347890272474
13.124985945021574
13.201176502801129
13.276927326963492
13.352245958705126
13.427139725873042
13.50161575132715
13.575680960885622
Current segment is :  1591
13.64934209087838
13.722605695332128
13.795478152808638
13.86796567291655
13.940074302515551
14.011809931630495
14.083178299091902
14.154184997918152
14.224835480453677
14.295135063276557
14.365088931888051
14.434702145195779
14.50397963980157
14.572926234104267
Current segment is :  1605
14.641546632227175
14.709845427779205
14.77782710745828
14.845496054504988
14.912856552014032
14.979912786110575
15.04666884899815
15.113128741884447
15.179296377790877
15.245175584251534
15.310770105906832
15.376083606996774
15.441119673758596
15.505881816733204
15.570373472984631
Current segment is :  1620
15.63459800823647
15.698558718929075
15.762258834201072
15.825701517798564
15.888889869915236
15.951826928966382
16.014515673299744
16.076959022845884
16.13915984071069
16.201120934712467
16.262845058865963
16.324334914815545
16.385593153219634
16.446622375088452
16.507425133076907
16.568003932734538
Current segment is :  1636
16.628361233714184
16.688499450941055
16.74842095574379
16.80812807694897
1.6808128076948972
2.275763057610842
2.7151761136650285
3.083476348396458
3.407785630197839
3.7012313185470633
3.9714116758213973
4.223211308201027
4.459997944488467
4.6842132944609425
4.8976963143700685
5.101873939076189
5.297880350042328
Current segment is :  1653
5.486635084752788
5.6688961581708055
5.845297343180811
6.016375038854687
6.182588081349851
6.344332643148584
Current segment is :  1659
6.501953634393412
6.655753562265905
6.805999509722462
6.95292870044184
7.096752985586091
7.23766249758842
7.375828652798503
Current segment is :  1666
7.511406639635355
7.644537496207986
7.775349857386939
7.903961433501415
8.030480269456438
8.155005822903528
8.27762989230535
8.398437419702725
Current segment is :  1674
8.517507188283009
8.634912431142755
8.750721364698745
8.864997657854882
8.977800846146076
9.089186698554384
9.199207543451216
9.307912559103556
9.415348033346593
Current segment is :  1683
9.521557596334416
9.626582429706739
9.730461455030834
9.833231503976764
9.934927472346427
10.035582459791828
10.135227896816192
10.233893660445851
10.331608179785153
10.428398532516164
Current segment is :  1693
10.524290533275625
10.619308814730152
10.713476902074301
10.806817281592586
10.899351463853936
10.991100042043781
11.082082745883683
11.172318491540016
11.261825427880689
11.350620979401521
11.438721886110919
Current segment is :  1704
11.526144240632382
11.612903522758556
11.69901463166773
11.784491915993295
11.86934920191861
11.953599819453592
12.037256627034902
12.120332034578682
12.202838025103286
12.28478617502897
12.36618767325225
12.447053339084169
Current segment is :  1716
12.52739363913414
12.607218703214198
12.686538339332277
12.76536204783751
12.843699034775486
12.921558224506763
12.99894827163772
13.075877572309059
13.152354274883708
13.228386290072779
13.303981300535275
13.379146769984617
13.453889951832613
Current segment is :  1729
13.5282178973993
13.602137463714996
13.675655320939098
13.748777959418359
13.821511696405867
13.893862682460457
13.965836907544917
14.037440206840197
14.108678266291571
14.179556627901759
14.25008069478494
14.320255735994774
14.390086891138633
14.459579174789527
Current segment is :  1743
14.528737480706445
14.597566585873219
14.666071154365323
14.734255741053515
14.802124795152647
14.869682663623495
14.936933594434974
15.003881739693687
15.070531158647347
15.136885820568217
15.202949607522413
15.268726317030495
15.334219664624564
15.399433286306726
15.464370740913527
Current segment is :  1758
15.529035512390735
15.593431011982586
15.657560580339387
15.721427489547176
15.785034945082934
15.84838608769865
15.911483995237399
15.97433168438439
16.036932112355817
16.099288178528194
16.161402726010717
16.223278543163058
16.28491836506092
16.346324874911502
16.407500705420954
16.468448440115832
Current segment is :  1774
16.529170614620387
16.589669717891514
16.64994819341303
16.710008440350954
16.76985281467127
16.82948363022173
16.888903159779026
16.94811363606274
17.00711725271729
17.065916165263168
17.124512492018567
17.18290831499257
17.24110568075093
17.29910660125549
17.356913054678202
17.414526986190666
17.471950308730115
Current segment is :  1791
17.52918490374269
17.586232621904784
17.643095283823314
17.699774680715585
17.75627257506955
17.81259070128507
17.86873076629694
17.924694450180194
17.980483406738387
18.036099264075418
18.09154362515142
18.1468180683233
18.20192414787041
18.25686339450588
18.311637315874048
18.366247397034464
18.420695100932946
18.474981868860034
Current segment is :  1809
18.529109120897317
18.583078256351982
18.63689065418
18.690547673398264
18.74405065348607
18.797400914776258
18.85059975883634
18.903648468839915
18.956548309928706
19.009300529565454
19.061906357878005
19.11436700799481
19.16668367637215
19.218857543113256
19.270889772279673
19.322781512194997
19.374533895741273
19.426148040648254
19.47762504977572
Current segment is :  1828
19.528966011389084
19.58017199942843
19.63124407377125
19.682183280488978
19.73299065209756
19.78366720780219
19.834213953736413
19.884631883195706
19.934921976865738
19.98508520304543
20.035122517864963
20.08503486549889
20.13482317837445
20.184488377375256
20.23403137204045
20.283453060759477
20.33275433096256
20.381936059307016
20.430999111859542
20.47994434427451
Current segment is :  1848
20.528772601968463
20.577484720290826
20.626081524691024
20.674563830881993
20.72293244500029
20.77118816376278
20.819331774620082
20.867364055906798
20.91528577698862
20.963097698406408
21.010800572017306
21.058395141132955
21.105882140654906
21.15326229720727
21.200536329266715
21.24770494728981
21.294768853837873
21.341728743699264
21.388585304009318
21.435339214367875
21.481991146954496
Current segment is :  1869
21.528541766641432
21.574991731104397
21.621341690931185
21.66759228972818
21.713744164224824
21.75979794437609
21.80575425346298
21.851613708191135
21.897376918787575
21.9430444890956
21.98861701666792
22.034095092858067
22.079479302910066
22.124770226046472
22.16996843555478
22.21507449887223
22.260088977669085
22.305012427930365
22.349845400036124
22.39458843884025
22.439242083747857
22.483806868791298
Current segment is :  1891
22.528283322704805
22.572671968997803
22.616973326026933
22.661187907066793
22.705316220379448
22.749358769282704
22.79331605221721
22.837188562812383
22.88097678995118
22.924681217833786
22.96830232604017
23.011840589591596
23.055296479011076
23.09867046038279
23.141962995410516
23.185174541475053
23.228305551690703
23.27135647496079
23.314327756032263
23.357219835549387
23.40003315010654
23.442768132300163
23.485425210779823
Current segment is :  1914
23.528004810298466
23.570507351761833
23.61293325227709
23.65528292520066
23.697556780185273
23.739755223226293
23.78187865670726
23.823927479444734
23.86590208673242
23.907802870384586
23.94963021877881
23.991384516898034
24.03306614637197
24.074675485517858
24.116212909380604
24.157678789772255
24.19907349531091
24.24039739145899
24.281650840560957
24.322834201880426
24.363947831636725
24.404992083040906
24.44596730633118
24.48687384880786
Current segment is :  1938
24.527712054867745
24.568482266037993
24.609184821009503
24.649820055669785
24.690388303135347
24.7308898937836
24.771325155284295
24.81169441263049
24.851997988169085
24.89223620163088
24.932409370160208
24.972517808344158
25.01256182824134
25.052541739410252
25.09245784893725
25.1323104614641
25.17209987921514
25.21182640202406
25.251490327360294
25.291091950355057
25.330631563826984
25.370109458307436
25.40952592206544
25.44888124113228
25.48817569932574
Current segment is :  1963
25.52740957827403
25.566583157439347
25.605696714141153
25.644750523579102
25.683744858855654
25.722679990998394
25.761556188982038
25.80037371975014
25.839132848236506
25.877833837386312
25.916476948176957
25.95506243963861
25.9935905688745
26.03206159108093
26.070475759567017
26.108833325774185
26.14713453929539
26.185379647894084
26.22356889752295
26.261702532342365
26.299780794738663
26.337803925342094
26.375772163044623
26.413685745017442
26.451544906728284
26.489349881958507
Current segment is :  1989
26.527100902819953
26.564798199771605
26.602442001636007
26.6400325356155
26.677570027308242
26.715054700724014
26.752486778299843
26.78986648091542
26.827194027908327
26.86446963708906
26.90169352475589
