4.0
Current segment is :  0
5.0
6.0
7.0
8.0
Current segment is :  4
9.0
10.0
11.0
12.0
13.0
14.0
15.0
16.0
Current segment is :  12
17.0
18.0
19.0
20.0
21.0
22.0
23.0
24.0
25.0
26.0
27.0
28.0
29.0
30.0
31.0
32.0
Current segment is :  28
33.0
34.0
35.0
36.0
37.0
38.0
39.0
40.0
41.0
42.0
43.0
44.0
45.0
46.0
47.0
48.0
49.0
50.0
51.0
52.0
53.0
54.0
55.0
56.0
57.0
58.0
59.0
60.0
61.0
62.0
63.0
64.0
Current segment is :  60
65.0
66.0
67.0
68.0
69.0
70.0
71.0
72.0
73.0
74.0
75.0
76.0
77.0
78.0
79.0
80.0
81.0
82.0
83.0
84.0
85.0
86.0
87.0
88.0
89.0
90.0
91.0
92.0
93.0
94.0
95.0
96.0
97.0
98.0
99.0
100.0
101.0
102.0
103.0
104.0
105.0
106.0
107.0
108.0
109.0
110.0
111.0
112.0
113.0
114.0
115.0
116.0
117.0
118.0
119.0
120.0
121.0
122.0
123.0
124.0
125.0
126.0
127.0
128.0
Current segment is :  124
129.0
130.0
131.0
132.0
133.0
134.0
135.0
136.0
137.0
138.0
139.0
140.0
141.0
142.0
143.0
144.0
145.0
146.0
147.0
148.0
149.0
150.0
151.0
152.0
153.0
154.0
155.0
156.0
157.0
158.0
159.0
160.0
161.0
162.0
163.0
164.0
165.0
166.0
167.0
168.0
169.0
170.0
171.0
172.0
173.0
174.0
175.0
176.0
177.0
178.0
179.0
180.0
181.0
182.0
183.0
184.0
185.0
186.0
187.0
188.0
189.0
190.0
191.0
192.0
193.0
194.0
195.0
196.0
197.0
198.0
199.0
200.0
201.0
202.0
203.0
204.0
205.0
206.0
207.0
208.0
209.0
210.0
211.0
212.0
213.0
214.0
215.0
216.0
217.0
218.0
219.0
220.0
221.0
222.0
223.0
224.0
225.0
226.0
227.0
228.0
229.0
230.0
231.0
232.0
233.0
234.0
235.0
236.0
237.0
238.0
239.0
240.0
241.0
242.0
243.0
244.0
245.0
246.0
247.0
248.0
249.0
250.0
251.0
252.0
253.0
254.0
255.0
256.0
Current segment is :  252
257.0
258.0
259.0
260.0
261.0
262.0
263.0
264.0
265.0
266.0
267.0
268.0
269.0
270.0
271.0
272.0
273.0
274.0
275.0
276.0
277.0
278.0
279.0
280.0
281.0
282.0
283.0
284.0
285.0
286.0
287.0
288.0
289.0
290.0
291.0
292.0
293.0
294.0
295.0
296.0
297.0
298.0
299.0
300.0
301.0
302.0
303.0
304.0
305.0
306.0
307.0
308.0
309.0
310.0
311.0
312.0
313.0
314.0
315.0
316.0
317.0
318.0
319.0
320.0
321.0
322.0
323.0
324.0
325.0
326.0
327.0
328.0
329.0
330.0
331.0
332.0
333.0
334.0
335.0
336.0
337.0
338.0
339.0
340.0
341.0
342.0
343.0
344.0
345.0
346.0
347.0
348.0
349.0
350.0
351.0
352.0
353.0
354.0
355.0
356.0
357.0
358.0
359.0
360.0
361.0
362.0
363.0
364.0
365.0
366.0
367.0
368.0
369.0
370.0
371.0
372.0
373.0
374.0
375.0
376.0
377.0
378.0
379.0
380.0
381.0
382.0
383.0
384.0
385.0
386.0
387.0
388.0
389.0
390.0
391.0
392.0
393.0
394.0
395.0
396.0
397.0
398.0
399.0
400.0
401.0
402.0
403.0
404.0
405.0
406.0
407.0
408.0
409.0
410.0
411.0
412.0
413.0
414.0
415.0
416.0
417.0
418.0
419.0
420.0
421.0
422.0
423.0
424.0
425.0
426.0
427.0
428.0
429.0
430.0
431.0
432.0
433.0
434.0
435.0
436.0
437.0
438.0
439.0
440.0
441.0
442.0
443.0
444.0
445.0
446.0
447.0
448.0
449.0
450.0
451.0
452.0
453.0
454.0
455.0
456.0
457.0
458.0
459.0
460.0
461.0
462.0
463.0
464.0
465.0
466.0
467.0
468.0
469.0
470.0
471.0
472.0
473.0
474.0
475.0
476.0
477.0
478.0
479.0
480.0
481.0
482.0
483.0
484.0
485.0
486.0
487.0
488.0
489.0
490.0
491.0
492.0
493.0
494.0
495.0
496.0
497.0
498.0
499.0
500.0
501.0
502.0
503.0
504.0
505.0
506.0
507.0
508.0
509.0
510.0
511.0
512.0
Current segment is :  508
512.0009765625
512.0019531231374
512.0029296819121
512.0039062388241
512.0048827938737
512.0058593470606
512.0068358983849
512.0078124478466
512.0087889954458
512.0097655411824
512.0107420850566
512.011718627068
512.0126951672171
512.0136717055036
512.0146482419276
512.0156247764891
512.0166013091881
512.0175778400246
512.0185543689987
512.0195308961104
512.0205074213595
512.0214839447463
512.0224604662706
512.0234369859324
512.024413503732
512.0253900196692
512.026366533744
512.0273430459564
512.0283195563064
512.0292960647942
512.0302725714196
512.0312490761827
512.0322255790834
512.0332020801219
512.0341785792981
512.035155076612
512.0361315720636
512.037108065653
512.0380845573801
512.039061047245
512.0400375352476
512.041014021388
512.0419905056663
512.0429669880823
512.0439434686361
512.0449199473278
512.0458964241573
512.0468728991247
512.0478493722298
512.048825843473
512.0498023128539
512.0507787803728
512.0517552460295
512.0527317098242
512.0537081717569
512.0546846318274
512.0556610900359
512.0566375463823
512.0576140008667
512.058590453489
512.0595669042494
512.0605433531478
512.0615198001841
512.0624962453585
512.0634726886709
512.0644491301214
512.0654255697099
512.0664020074364
512.0673784433011
512.0683548773038
512.0693313094447
512.0703077397236
512.0712841681407
512.0722605946959
512.0732370193891
512.0742134422205
512.0751898631901
512.0761662822979
512.0771426995439
512.078119114928
512.0790955284504
512.0800719401109
512.0810483499097
512.0820247578467
512.083001163922
512.0839775681354
512.0849539704872
512.0859303709772
512.0869067696055
512.0878831663722
512.0888595612771
512.0898359543204
512.090812345502
512.0917887348219
512.0927651222802
512.0937415078768
512.0947178916117
512.095694273485
512.0966706534969
512.097647031647
512.0986234079356
512.0995997823626
512.100576154928
512.101552525632
512.1025288944743
512.1035052614551
512.1044816265744
512.1054579898322
512.1064343512285
512.1074107107632
512.1083870684365
512.1093634242484
512.1103397781987
512.1113161302877
512.1122924805152
512.1132688288812
512.1142451753859
512.1152215200292
512.1161978628111
512.1171742037316
512.1181505427907
512.1191268799884
512.1201032153248
512.1210795487998
512.1220558804135
512.1230322101659
512.124008538057
512.1249848640867
512.1259611882552
512.1269375105625
512.1279138310084
512.1288901495931
512.1298664663165
512.1308427811787
512.1318190941796
512.1327954053194
512.133771714598
512.1347480220153
512.1357243275714
512.1367006312664
512.1376769331002
512.1386532330729
512.1396295311845
512.1406058274349
512.1415821218242
512.1425584143524
512.1435347050194
512.1445109938254
512.1454872807703
512.1464635658542
512.147439849077
512.1484161304388
512.1493924099395
512.1503686875792
512.1513449633579
512.1523212372756
512.1532975093323
512.154273779528
512.1552500478628
512.1562263143365
512.1572025789494
512.1581788417013
512.1591551025923
512.1601313616223
512.1611076187916
512.1620838740998
512.1630601275472
512.1640363791337
512.1650126288594
512.1659888767241
512.166965122728
512.1679413668711
512.1689176091534
512.1698938495748
512.1708700881355
512.1718463248354
512.1728225596745
512.1737987926529
512.1747750237705
512.1757512530273
512.1767274804234
512.1777037059588
512.1786799296335
512.1796561514475
512.1806323714007
512.1816085894933
512.1825848057252
512.1835610200965
512.1845372326071
512.185513443257
512.1864896520464
512.1874658589751
512.1884420640432
512.1894182672507
512.1903944685977
512.191370668084
512.1923468657099
512.1933230614751
512.1942992553797
512.1952754474239
512.1962516376076
512.1972278259307
512.1982040123933
512.1991801969954
512.200156379737
512.2011325606181
512.2021087396389
512.2030849167992
512.204061092099
512.2050372655384
512.2060134371175
512.206989606836
512.2079657746942
512.2089419406921
512.2099181048295
512.2108942671066
512.2118704275233
512.2128465860796
512.2138227427757
512.2147988976114
512.2157750505869
512.216751201702
512.2177273509568
512.2187034983514
512.2196796438857
512.2206557875597
512.2216319293735
512.2226080693271
512.2235842074203
512.2245603436535
512.2255364780264
512.2265126105391
512.2274887411917
512.228464869984
512.2294409969162
512.2304171219882
512.2313932452001
512.2323693665519
512.2333454860435
512.2343216036751
512.2352977194465
512.2362738333579
512.2372499454092
512.2382260556004
512.2392021639316
512.2401782704028
512.2411543750139
512.242130477765
512.2431065786561
512.2440826776872
512.2450587748582
512.2460348701693
512.2470109636204
512.2479870552115
512.2489631449428
512.2499392328141
512.2509153188255
512.251891402977
512.2528674852686
512.2538435657002
512.254819644272
512.2557957209838
512.2567717958358
512.2577478688279
512.2587239399602
512.2597000092327
512.2606760766454
512.2616521421983
512.2626282058914
512.2636042677246
512.2645803276981
512.2655563858118
512.2665324420658
512.26750849646
512.2684845489945
512.2694605996693
512.2704366484843
512.2714126954396
512.2723887405352
512.2733647837712
512.2743408251474
512.2753168646641
512.2762929023211
512.2772689381184
512.2782449720561
512.2792210041342
512.2801970343527
512.2811730627116
512.2821490892109
512.2831251138506
512.2841011366307
512.2850771575513
512.2860531766123
512.2870291938139
512.2880052091558
512.2889812226383
512.2899572342614
512.2909332440248
512.2919092519288
512.2928852579734
512.2938612621584
512.294837264484
512.2958132649502
512.296789263557
512.2977652603043
512.2987412551923
512.2997172482209
512.3006932393901
512.3016692286999
512.3026452161503
512.3036212017413
512.304597185473
512.3055731673454
512.3065491473585
512.3075251255123
512.3085011018068
512.3094770762419
512.3104530488179
512.3114290195344
512.3124049883918
512.3133809553899
512.3143569205288
512.3153328838084
512.3163088452288
512.3172848047901
512.3182607624922
512.319236718335
512.3202126723187
512.3211886244433
512.3221645747086
512.3231405231148
512.3241164696619
512.3250924143499
512.3260683571788
512.3270442981485
512.3280202372592
512.3289961745108
512.3299721099035
512.3309480434369
512.3319239751114
512.3328999049269
512.3338758328832
512.3348517589806
512.3358276832189
512.3368036055983
512.3377795261188
512.3387554447802
512.3397313615827
512.3407072765262
512.3416831896109
512.3426591008365
512.3436350102032
512.3446109177111
512.34558682336
512.3465627271501
512.3475386290812
512.3485145291535
512.349490427367
512.3504663237215
512.3514422182174
512.3524181108543
512.3533940016324
512.3543698905518
512.3553457776123
512.3563216628141
512.3572975461572
512.3582734276414
512.3592493072669
512.3602251850336
512.3612010609417
512.362176934991
512.3631528071817
512.3641286775136
512.3651045459868
512.3660804126014
512.3670562773573
512.3680321402545
512.3690080012931
512.3699838604731
512.3709597177944
512.3719355732572
512.3729114268614
512.373887278607
512.374863128494
512.3758389765225
512.3768148226924
512.3777906670038
512.3787665094566
512.3797423500508
512.3807181887865
512.3816940256638
512.3826698606825
512.3836456938428
512.3846215251447
512.385597354588
512.3865731821728
512.3875490078992
512.3885248317672
512.3895006537768
512.3904764739281
512.3914522922208
512.3924281086553
512.3934039232313
512.394379735949
512.3953555468083
512.3963313558093
512.3973071629518
512.3982829682361
512.3992587716622
512.4002345732299
512.4012103729393
512.4021861707904
512.4031619667833
512.4041377609179
512.4051135531943
512.4060893436124
512.4070651321723
512.408040918874
512.4090167037175
512.4099924867028
512.4109682678298
512.4119440470988
512.4129198245096
512.4138956000621
512.4148713737566
512.4158471455929
512.4168229155712
512.4177986836912
512.4187744499532
512.419750214357
512.4207259769029
512.4217017375906
512.4226774964203
512.423653253392
512.4246290085056
512.4256047617612
512.4265805131588
512.4275562626983
512.4285320103799
512.4295077562034
512.430483500169
512.4314592422767
512.4324349825264
512.4334107209181
512.434386457452
512.4353621921279
512.4363379249459
512.437313655906
512.4382893850083
512.4392651122527
512.4402408376392
512.4412165611678
512.4421922828386
512.4431680026515
512.4441437206067
512.445119436704
512.4460951509435
512.4470708633252
512.4480465738491
512.4490222825152
512.4499979893236
512.4509736942742
512.4519493973671
512.4529250986023
512.4539007979798
512.4548764954995
512.4558521911616
512.456827884966
512.4578035769126
512.4587792670017
512.459754955233
512.4607306416068
512.4617063261229
512.4626820087814
512.4636576895822
512.4646333685255
512.4656090456111
512.4665847208393
512.4675603942097
512.4685360657227
512.4695117353781
512.470487403176
512.4714630691163
512.4724387331992
512.4734143954245
512.4743900557924
512.4753657143027
512.4763413709557
512.4773170257511
512.4782926786891
512.4792683297696
512.4802439789927
512.4812196263583
512.4821952718665
512.4831709155175
512.484146557311
512.485122197247
512.4860978353258
512.4870734715472
512.4880491059113
512.4890247384179
512.4900003690673
512.4909759978593
512.4919516247941
512.4929272498715
512.4939028730917
512.4948784944546
512.4958541139603
512.4968297316086
512.4978053473998
512.4987809613338
512.4997565734104
Current segment is :  1020
512.5007321836299
512.5017077919922
512.5026833984973
512.5036590031452
512.504634605936
512.5056102068696
512.5065858059461
512.5075614031654
512.5085369985276
512.5095125920327
512.5104881836806
512.5114637734715
512.5124393614053
512.513414947482
512.5143905317017
512.5153661140644
512.51634169457
512.5173172732185
512.5182928500101
512.5192684249446
512.5202439980221
512.5212195692427
512.5221951386063
512.523170706113
512.5241462717627
512.5251218355554
512.5260973974912
512.52707295757
512.528048515792
512.529024072157
512.5299996266651
512.5309751793164
512.5319507301109
512.5329262790484
512.5339018261291
512.534877371353
512.5358529147201
512.5368284562303
512.5378039958837
512.5387795336803
512.5397550696201
512.5407306037032
512.5417061359295
512.5426816662991
512.543657194812
512.5446327214681
512.5456082462675
512.5465837692102
512.5475592902961
512.5485348095254
512.549510326898
512.550485842414
512.5514613560732
512.5524368678758
512.5534123778218
512.5543878859112
512.5553633921439
512.5563388965201
512.5573143990396
512.5582898997026
512.559265398509
512.5602408954588
512.5612163905521
512.5621918837888
512.5631673751691
512.5641428646928
512.56511835236
512.5660938381707
512.5670693221249
512.5680448042226
512.5690202844638
512.5699957628486
512.570971239377
512.5719467140489
512.5729221868644
512.5738976578234
512.574873126926
512.5758485941723
512.5768240595621
512.5777995230957
512.5787749847728
512.5797504445936
512.5807259025581
512.5817013586662
512.5826768129181
512.5836522653136
512.5846277158529
512.5856031645359
512.5865786113626
512.587554056333
512.5885294994472
512.5895049407051
512.5904803801068
512.5914558176522
512.5924312533415
512.5934066871745
512.5943821191513
512.595357549272
512.5963329775365
512.5973084039448
512.598283828497
512.599259251193
512.6002346720329
512.6012100910167
512.6021855081444
512.603160923416
512.6041363368315
512.605111748391
512.6060871580944
512.6070625659418
512.6080379719331
512.6090133760683
512.6099887783475
512.6109641787708
512.611939577338
512.6129149740493
512.6138903689045
512.6148657619038
512.6158411530472
512.6168165423346
512.6177919297661
512.6187673153416
512.6197426990612
512.6207180809249
512.6216934609328
512.6226688390847
512.6236442153808
512.6246195898209
512.6255949624052
512.6265703331337
512.6275457020064
512.6285210690232
512.6294964341843
512.6304717974895
512.631447158939
512.6324225185326
512.6333978762705
512.6343732321526
512.635348586179
512.6363239383497
512.6372992886646
512.6382746371238
512.6392499837273
512.6402253284751
512.6412006713673
512.6421760124038
512.6431513515846
512.6441266889098
512.6451020243793
512.6460773579931
512.6470526897514
512.648028019654
512.6490033477011
512.6499786738925
512.6509539982284
512.6519293207087
512.6529046413335
512.6538799601028
512.6548552770165
512.6558305920747
512.6568059052773
512.6577812166245
512.6587565261161
512.6597318337523
512.660707139533
512.6616824434583
512.6626577455281
512.6636330457425
512.6646083441015
512.665583640605
512.6665589352531
512.6675342280458
512.6685095189832
512.6694848080651
512.6704600952918
512.6714353806631
512.672410664179
512.6733859458395
512.6743612256448
512.6753365035947
512.6763117796894
512.6772870539287
512.6782623263127
512.6792375968415
512.680212865515
512.6811881323333
512.6821633972963
512.6831386604042
512.6841139216568
512.6850891810542
512.6860644385964
512.6870396942834
512.6880149481152
512.6889902000919
512.6899654502134
512.6909406984798
512.6919159448911
512.6928911894472
512.6938664321482
512.6948416729941
512.6958169119849
512.6967921491207
512.6977673844013
512.698742617827
512.6997178493975
512.7006930791131
512.7016683069736
512.7026435329791
512.7036187571296
512.7045939794251
512.7055691998656
512.7065444184512
512.7075196351818
512.7084948500575
512.7094700630782
512.710445274244
512.7114204835548
512.7123956910107
512.7133708966118
512.714346100358
512.7153213022492
512.7162965022856
512.7172717004671
512.7182468967939
512.7192220912657
512.7201972838827
512.721172474645
512.7221476635524
512.723122850605
512.7240980358029
512.7250732191459
512.7260484006342
512.7270235802678
512.7279987580466
512.7289739339707
512.72994910804
512.7309242802547
512.7318994506147
512.73287461912
512.7338497857706
512.7348249505666
512.7358001135078
512.7367752745945
512.7377504338265
512.7387255912039
512.7397007467266
512.7406759003948
512.7416510522083
512.7426262021673
512.7436013502718
512.7445764965216
512.7455516409169
512.7465267834577
512.747501924144
512.7484770629757
512.7494521999529
512.7504273350756
512.7514024683439
512.7523775997577
512.7533527293169
512.7543278570217
512.7553029828722
512.7562781068682
512.7572532290097
512.7582283492968
512.7592034677295
512.7601785843079
512.7611536990319
512.7621288119014
512.7631039229167
512.7640790320776
512.7650541393841
512.7660292448363
512.7670043484342
512.7679794501778
512.7689545500671
512.7699296481021
512.7709047442828
512.7718798386093
512.7728549310815
512.7738300216995
512.7748051104633
512.7757801973728
512.7767552824281
512.7777303656292
512.7787054469761
512.7796805264688
512.7806556041074
512.7816306798918
512.782605753822
512.7835808258982
512.7845558961202
512.7855309644881
512.7865060310019
512.7874810956615
512.7884561584672
512.7894312194187
512.7904062785162
512.7913813357596
512.792356391149
512.7933314446844
512.7943064963657
512.795281546193
512.7962565941663
512.7972316402856
512.798206684551
512.7991817269624
512.8001567675199
512.8011318062233
512.8021068430729
512.8030818780685
512.8040569112102
512.805031942498
512.8060069719319
512.8069819995119
512.807957025238
512.8089320491104
512.8099070711288
512.8108820912934
512.8118571096041
512.812832126061
512.8138071406642
512.8147821534135
512.815757164309
512.8167321733508
512.8177071805388
512.8186821858731
512.8196571893536
512.8206321909804
512.8216071907534
512.8225821886728
512.8235571847384
512.8245321789503
512.8255071713086
512.8264821618131
512.827457150464
512.8284321372613
512.8294071222049
512.8303821052949
512.8313570865313
512.8323320659141
512.8333070434433
512.8342820191189
512.8352569929409
512.8362319649094
512.8372069350243
512.8381819032857
512.8391568696935
512.8401318342478
512.8411067969486
512.8420817577959
512.8430567167896
512.84403167393
512.8450066292168
512.8459815826501
512.84695653423
512.8479314839565
512.8489064318295
512.8498813778491
512.8508563220154
512.8518312643282
512.8528062047876
512.8537811433937
512.8547560801464
512.8557310150458
512.8567059480918
512.8576808792844
512.8586558086238
512.8596307361098
512.8606056617425
512.861580585522
512.8625555074482
512.863530427521
512.8645053457407
512.8654802621071
512.8664551766202
512.8674300892801
512.8684050000868
512.8693799090403
512.8703548161405
512.8713297213876
512.8723046247816
512.8732795263223
512.87425442601
512.8752293238445
512.8762042198258
512.8771791139541
512.8781540062292
512.8791288966512
512.8801037852202
512.881078671936
512.8820535567988
512.8830284398085
512.8840033209652
512.8849782002688
512.8859530777195
512.886927953317
512.8879028270616
512.8888776989531
512.8898525689917
512.8908274371773
512.89180230351
512.8927771679897
512.8937520306165
512.8947268913903
512.8957017503112
512.8966766073793
512.8976514625944
512.8986263159566
512.8996011674659
512.9005760171224
512.901550864926
512.9025257108767
512.9035005549746
512.9044753972197
512.905450237612
512.9064250761514
512.9073999128382
512.908374747672
512.9093495806532
512.9103244117815
512.9112992410571
512.91227406848
512.9132488940501
512.9142237177675
512.9151985396322
512.9161733596443
512.9171481778036
512.9181229941103
512.9190978085643
512.9200726211656
512.9210474319142
512.9220222408102
512.9229970478536
512.9239718530445
512.9249466563826
512.9259214578682
512.9268962575012
512.9278710552817
512.9288458512095
512.9298206452848
512.9307954375076
512.9317702278779
512.9327450163956
512.9337198030609
512.9346945878735
512.9356693708338
512.9366441519416
512.9376189311969
512.9385937085997
512.9395684841501
512.940543257848
512.9415180296936
512.9424927996868
512.9434675678275
512.9444423341158
512.9454170985517
512.9463918611353
512.9473666218665
512.9483413807454
512.9493161377719
512.9502908929461
512.951265646268
512.9522403977376
512.9532151473549
512.9541898951198
512.9551646410325
512.9561393850929
512.9571141273011
512.958088867657
512.9590636061607
512.9600383428121
512.9610130776114
512.9619878105584
512.9629625416533
512.9639372708959
512.9649119982864
512.9658867238247
512.966861447511
512.967836169345
512.968810889327
512.9697856074567
512.9707603237345
512.9717350381601
512.9727097507337
512.9736844614552
512.9746591703246
512.9756338773419
512.9766085825072
512.9775832858204
512.9785579872816
512.9795326868908
512.980507384648
512.9814820805533
512.9824567746065
512.9834314668077
512.984406157157
512.9853808456543
512.9863555322997
512.9873302170932
512.9883049000348
512.9892795811245
512.9902542603622
512.9912289377481
512.9922036132821
512.9931782869642
512.9941529587944
512.9951276287728
512.9961022968994
512.9970769631742
512.9980516275972
512.9990262901683
513.0000009508877
Current segment is :  1533
513.0009756097553
513.0019502667711
513.0029249219352
513.0038995752475
513.004874226708
513.0058488763168
513.006823524074
513.0077981699794
513.0087728140331
513.0097474562351
513.0107220965855
513.0116967350842
513.0126713717312
513.0136460065266
513.0146206394704
513.0155952705626
513.0165698998031
513.0175445271921
513.0185191527294
513.0194937764152
513.0204683982494
513.021443018232
513.0224176363631
513.0233922526427
513.0243668670707
513.0253414796473
513.0263160903722
513.0272906992458
513.0282653062678
513.0292399114384
513.0302145147574
513.031189116225
513.0321637158412
513.033138313606
513.0341129095193
513.0350875035812
513.0360620957916
513.0370366861507
513.0380112746584
513.0389858613148
513.0399604461198
513.0409350290735
513.0419096101758
513.0428841894268
513.0438587668265
513.0448333423749
513.045807916072
513.0467824879178
513.0477570579122
513.0487316260555
513.0497061923476
513.0506807567883
513.0516553193778
513.0526298801161
513.0536044390033
513.0545789960391
513.0555535512239
513.0565281045574
513.0575026560398
513.058477205671
513.0594517534511
513.06042629938
513.0614008434578
513.0623753856845
513.06334992606
513.0643244645845
513.0652990012579
513.0662735360802
513.0672480690514
513.0682226001716
513.0691971294407
513.0701716568589
513.071146182426
513.0721207061421
513.0730952280072
513.0740697480213
513.0750442661845
513.0760187824966
513.0769932969578
513.077967809568
513.0789423203273
513.0799168292357
513.0808913362931
513.0818658414997
513.0828403448554
513.0838148463602
513.0847893460141
513.0857638438172
513.0867383397693
513.0877128338707
513.0886873261212
513.0896618165209
513.0906363050698
513.0916107917678
513.0925852766152
513.0935597596117
513.0945342407575
513.0955087200525
513.0964831974968
513.0974576730904
513.0984321468331
513.0994066187252
513.1003810887665
513.1013555569572
513.1023300232972
513.1033044877865
513.1042789504252
513.1052534112132
513.1062278701505
513.1072023272372
513.1081767824734
513.1091512358589
513.1101256873939
513.1111001370782
513.112074584912
513.1130490308951
513.1140234750277
513.1149979173098
513.1159723577413
513.1169467963223
513.1179212330528
513.1188956679329
513.1198701009623
513.1208445321413
513.1218189614698
513.1227933889479
513.1237678145756
513.1247422383527
513.1257166602795
513.1266910803558
513.1276654985818
513.1286399149574
513.1296143294825
513.1305887421572
513.1315631529816
513.1325375619556
513.1335119690793
513.1344863743527
513.1354607777757
513.1364351793485
513.1374095790709
513.138383976943
513.1393583729649
513.1403327671364
513.1413071594577
513.1422815499287
513.1432559385495
513.1442303253201
513.1452047102405
513.1461790933106
513.1471534745306
513.1481278539003
513.1491022314199
513.1500766070893
513.1510509809086
513.1520253528778
513.1529997229968
513.1539740912657
513.1549484576844
513.155922822253
513.1568971849716
513.1578715458401
513.1588459048585
513.1598202620268
513.160794617345
513.1617689708132
513.1627433224314
513.1637176721996
513.1646920201177
513.165666366186
513.1666407104042
513.1676150527724
513.1685893932906
513.1695637319589
513.1705380687772
513.1715124037456
513.1724867368641
513.1734610681327
513.1744353975514
513.1754097251202
513.176384050839
513.1773583747081
513.1783326967272
513.1793070168966
513.180281335216
513.1812556516857
513.1822299663055
513.1832042790755
513.1841785899958
513.1851528990662
513.1861272062869
513.1871015116577
513.1880758151789
513.1890501168502
513.1900244166719
513.1909987146438
513.191973010766
513.1929473050385
513.1939215974613
513.1948958880345
513.1958701767579
513.1968444636317
513.1978187486559
513.1987930318304
513.1997673131552
513.2007415926305
513.2017158702562
513.2026901460322
513.2036644199586
513.2046386920355
513.2056129622628
513.2065872306405
513.2075614971687
513.2085357618474
513.2095100246765
513.2104842856562
513.2114585447863
513.2124328020669
513.2134070574981
513.2143813110798
513.2153555628121
513.2163298126949
513.2173040607282
513.2182783069121
513.2192525512467
513.2202267937317
513.2212010343675
513.2221752731538
513.2231495100907
513.2241237451783
513.2250979784166
513.2260722098055
513.227046439345
513.2280206670353
513.2289948928761
513.2299691168677
513.23094333901
513.2319175593029
513.2328917777467
513.2338659943412
513.2348402090864
513.2358144219825
513.2367886330293
513.2377628422269
513.2387370495752
513.2397112550743
513.2406854587242
513.241659660525
513.2426338604765
513.243608058579
513.2445822548323
513.2455564492365
513.2465306417915
513.2475048324975
513.2484790213543
513.2494532083621
513.2504273935207
513.2514015768303
513.2523757582908
513.2533499379023
513.2543241156646
513.255298291578
513.2562724656424
513.2572466378577
513.2582208082241
513.2591949767415
513.2601691434098
513.2611433082293
513.2621174711998
513.2630916323213
513.2640657915939
513.2650399490176
513.2660141045924
513.2669882583183
513.2679624101953
513.2689365602234
513.2699107084027
513.270884854733
513.2718589992145
513.2728331418472
513.273807282631
513.274781421566
513.2757555586522
513.2767296938897
513.2777038272783
513.2786779588181
513.2796520885091
513.2806262163515
513.2816003423451
513.2825744664899
513.2835485887861
513.2845227092334
513.2854968278322
513.2864709445822
513.2874450594835
513.2884191725361
513.2893932837401
513.2903673930954
513.2913415006021
513.2923156062602
513.2932897100696
513.2942638120305
513.2952379121427
513.2962120104064
513.2971861068215
513.2981602013881
513.2991342941061
513.3001083849756
513.3010824739965
513.3020565611689
513.3030306464927
513.3040047299681
513.304978811595
513.3059528913734
513.3069269693033
513.3079010453847
513.3088751196177
513.3098491920023
513.3108232625384
513.3117973312261
513.3127713980654
513.3137454630563
513.3147195261988
513.315693587493
513.3166676469388
513.3176417045362
513.3186157602853
513.319589814186
513.3205638662383
513.3215379164425
513.3225119647983
513.3234860113058
513.324460055965
513.325434098776
513.3264081397386
513.3273821788531
513.3283562161193
513.3293302515373
513.330304285107
513.3312783168285
513.3322523467018
513.3332263747269
513.3342004009039
513.3351744252327
513.3361484477134
513.3371224683459
513.3380964871303
513.3390705040665
513.3400445191546
513.3410185323946
513.3419925437865
513.3429665533304
513.3439405610261
513.3449145668739
513.3458885708735
513.3468625730252
513.3478365733288
513.3488105717844
513.349784568392
513.3507585631515
513.3517325560631
513.3527065471267
513.3536805363423
513.35465452371
513.3556285092297
513.3566024929015
513.3575764747254
513.3585504547013
513.3595244328294
513.3604984091096
513.3614723835419
513.3624463561264
513.363420326863
513.3643942957517
513.3653682627926
513.3663422279856
513.3673161913308
513.3682901528282
513.3692641124778
513.3702380702797
513.3712120262337
513.37218598034
513.3731599325985
513.3741338830092
513.3751078315722
513.3760817782876
513.3770557231552
513.378029666175
513.3790036073473
513.3799775466719
513.3809514841487
513.3819254197779
513.3828993535594
513.3838732854933
513.3848472155796
513.3858211438182
513.3867950702092
513.3877689947527
513.3887429174486
513.3897168382969
513.3906907572975
513.3916646744507
513.3926385897563
513.3936125032144
513.394586414825
513.395560324588
513.3965342325035
513.3975081385715
513.3984820427921
513.3994559451652
513.4004298456908
513.401403744369
513.4023776411997
513.403351536183
513.4043254293189
513.4052993206074
513.4062732100484
513.4072470976421
513.4082209833884
513.4091948672874
513.4101687493389
513.4111426295432
513.4121165079001
513.4130903844097
513.4140642590719
513.4150381318868
513.4160120028545
513.4169858719748
513.417959739248
513.4189336046738
513.4199074682524
513.4208813299838
513.4218551898679
513.4228290479048
513.4238029040945
513.424776758437
513.4257506109324
513.4267244615805
513.4276983103815
513.4286721573353
513.4296460024419
513.4306198457015
513.4315936871138
513.4325675266791
513.4335413643973
513.4345152002684
513.4354890342923
513.4364628664692
513.4374366967991
513.4384105252819
513.4393843519177
513.4403581767065
513.4413319996482
513.442305820743
513.4432796399907
513.4442534573914
513.4452272729451
513.4462010866519
513.4471748985117
513.4481487085245
513.4491225166904
513.4500963230095
513.4510701274816
513.4520439301067
513.453017730885
513.4539915298164
513.454965326901
