4.0
Current segment is :  0
5.5
7.0
8.5
10.0
Current segment is :  4
11.5
13.0
14.5
16.0
17.5
19.0
20.5
22.0
23.5
25.0
Current segment is :  14
26.5
28.0
29.5
31.0
32.5
34.0
35.5
37.0
38.5
40.0
41.5
43.0
44.5
46.0
47.5
49.0
50.5
52.0
53.5
55.0
56.5
58.0
17.4
17.428735632183905
17.457423886487142
Current segment is :  39
17.486064996610327
5.245819498983098
5.341133491410197
5.434746579494237
5.526747189400602
5.617216317599358
5.706228378330124
5.793851930499678
5.880150304361794
5.965182144386207
6.049001881637742
6.1316601465521225
6.213204131060324
6.293677907465071
6.373122710226099
6.451577185800171
6.529077614858122
6.605658110526018
Current segment is :  57
6.681350795741327
6.756185962354446
6.830192214222883
6.903396596225314
6.97582471085419
7.047500823819301
7.1184479599033565
Current segment is :  64
7.188687990148206
7.25824171131196
7.327128918418986
7.395368471123334
7.462978354518914
7.529975734954467
7.596377011346233
7.662197862424738
Current segment is :  72
7.727453290302943
7.792157660710131
7.856324740198411
7.919967730595899
7.983099300951727
8.045731617192663
8.107876369688704
8.16954479890517
Current segment is :  80
8.230747719301299
8.291495541619737
8.35179829369748
8.411665639916475
8.471106899401079
8.53013106305971
8.58874680955923
8.646962520312691
8.704786293553925
Current segment is :  89
8.762225957566155
8.819289083125962
8.875982995218793
8.932314784077484
8.988291315591049
9.043919241127096
9.099205006807782
9.154154862276025
9.208774868985818
Current segment is :  98
9.26307090804786
9.317048687659327
9.37071375014443
9.424071478630406
9.477127103381743
9.529885707813838
9.582352234205654
9.634531489129635
9.686428148615791
9.738046763065686
Current segment is :  108
9.789391761931002
9.840467458170313
9.89127805249679
9.941827637428718
9.992120201153885
10.042159631218214
10.091949718048305
10.141494158316949
10.190796558160068
10.239860436253055
Current segment is :  118
10.288689226753931
10.337286282120306
10.385654875806718
10.433798204848467
10.48171939233776
10.5294214897976
10.576907479458521
10.624180276442994
10.671242730862057
10.718097629828412
10.764747699390057
Current segment is :  129
10.811195606388223
10.857443960243236
10.903495314671668
10.949352169338006
10.99501697144385
11.040492117257502
11.085779953586686
11.130882779196915
11.175802846177987
11.220542361260879
11.265103487087226
Current segment is :  140
11.309488343433475
11.353699008391658
11.397737519508647
11.441605874885685
11.485306034239844
11.528839919929037
11.572209417942076
11.615416378855244
11.658462618756742
11.701349920140338
11.744080032769428
11.786654674512745
Current segment is :  152
11.8290755321528
11.87134426216817
11.913462491490641
11.955431818238187
11.997253812424733
12.038930016647583
12.080461946753381
12.12185109248339
12.163098918098905
12.20420686298752
12.24517634225097
12.286008747275208
Current segment is :  164
12.32670544628341
12.36726778487249
12.407697086533735
12.447994653158139
12.48816176552697
12.528199683788104
12.568109647918627
12.607892878174166
12.647550575525447
12.687083922082492
12.72649408150689
12.765782199412557
12.804949403755352
Current segment is :  177
12.84399680521196
12.882925497548376
12.921736557978335
12.96043104751204
12.9990100112955
13.03747447894077
13.075825464847407
13.11406396851543
13.152190974850035
13.190207454458346
13.228114363938454
13.26591264616098
13.303603230543406
Current segment is :  190
13.341187033317384
13.378664957789272
13.41603789459407
13.453306721942974
13.490472305864769
13.527535500441184
13.564497148036468
13.601358079521303
13.638119114491246
13.67478106147987
13.711344718166735
13.747810871580377
13.784180298296423
13.820453764631
Current segment is :  204
13.856632026829569
13.8927158312513
13.928705914549143
13.964603003845696
14.000407816904993
14.036121062300335
14.071743439578269
14.107275639418816
14.142718343792076
14.178072226111276
14.213337951382385
14.248516176350389
14.283607549642289
14.318612711906953
Current segment is :  218
14.353532295951867
14.388366926876898
14.423117222205134
14.457783792010877
14.492367239044874
14.52686815885685
14.561287139915418
14.595624763725432
14.629881604942852
14.66405823148719
14.698155204651574
14.732173079210536
14.766112403525534
14.799973719648296
14.833757563422033
Current segment is :  233
14.867464464580571
14.901094946845465
14.934649528021115
14.968128720087984
15.001533029293915
15.034862956243623
15.068118995986397
15.101301638102058
15.13441136678521
15.167448660927837
15.20041399420027
15.233307835130574
15.266130647182393
15.298882888831281
15.331565013639558
Current segment is :  248
15.364177470329738
15.39672070285654
15.429195150477534
15.461601247822445
15.493939424961143
15.526210107470362
15.558413716499164
15.590550668833178
15.622621376957653
15.654626249119342
15.686565689387239
15.71844009771221
15.750249869985526
15.781995398096342
15.813677069988117
15.84529526971403
Current segment is :  264
15.876850377491396
15.908342769755093
15.939772819210061
15.971140894882847
16.002447362172244
16.03369258289904
16.064876915354887
16.09600071435033
16.127064331261966
16.158068114078826
16.18901240744793
16.21989755271905
16.25072388798873
16.281491748143537
16.312201464902568
16.34285336685926
Current segment is :  280
16.37344777952247
16.40398502535687
16.434465423822676
16.464889291414696
16.495256941700735
16.52556868535936
16.555824830217055
16.586025681284735
16.616171540793694
16.64626270823094
16.67629948037396
16.706282151324935
16.736211012544388
16.76608635288428
16.795908458620602
16.82567761348542
16.85539409869843
Current segment is :  297
16.885058192997988
16.91467017267167
16.944230311586338
16.97373888121774
17.003196150679642
17.0326023867525
17.0619578539117
17.091262814355343
17.120517528031623
17.149722252665757
17.17887724378652
17.20798275475237
17.23703903677717
17.26604633895553
17.29500490828775
17.323914989704402
17.35277682609053
Current segment is :  314
17.381590658309488
17.41035672522644
17.439075263731485
17.467746508762456
17.496370693327375
17.52494804852657
17.55347880357449
17.58196318582117
17.61040142077341
17.638793732115627
17.667140341730413
17.695441469718794
17.723697334420198
17.751908152432136
17.780074138629598
17.808195506184173
17.836272466582905
17.864305229646867
Current segment is :  332
17.892294003549488
17.92023899483461
17.948140408434288
17.97599844768637
18.003813314351778
18.031585208631608
18.05931432918395
18.087000873140497
18.1146450361229
18.142247012258945
18.169806994198456
18.197325173129013
18.224801738791438
18.252236879495094
18.27963078213295
18.30698363219646
18.33429561379023
18.3615669096465
Current segment is :  350
18.388797701139424
18.41598816829917
18.443138489825802
18.47024884310303
18.497319404211723
18.524350347943287
18.551341847812836
18.578294076072215
18.60520720372283
18.63208140052833
18.65891683502712
18.685713674544697
18.71247208520584
18.73919223194665
18.765874278526415
18.792518387539346
18.819124720426135
18.845693437485398
18.872224697884945
Current segment is :  369
18.89871865967293
18.92517547978883
18.95159531407433
18.97797831728402
19.00432464309601
19.03063444412236
19.056907871919424
19.083145076998047
19.10934620883363
19.13551141587608
19.161640845559635
19.187734644312567
19.213792957566767
19.239815929767218
19.26580370438134
19.291756423908236
19.317674229887807
19.343557262909783
19.36940566262263
Current segment is :  388
19.395219567742334
19.420999116061115
19.446744444456012
19.47245568889737
19.498132984457225
19.523776465317603
19.549386264778697
19.57496251526697
19.600505348343155
19.626014894710146
19.651491284220825
19.676934645885773
19.702345107880905
19.727722797555014
19.75306784143722
19.778380365244338
19.80366049388817
19.828908351482696
19.854124061351193
19.879307746033273
Current segment is :  408
19.90445952729184
19.929579526119966
19.954667862747677
19.97972465664869
20.004750026547047
20.0297440904237
20.054706965522993
20.079638768359082
20.10453961472231
20.12940961968546
20.15424889760999
20.17905756215215
20.20383572626908
20.228583502224808
20.25330100159618
20.277988335278756
20.302645613492597
20.327272945788035
20.351870441051343
20.376438207510365
Current segment is :  428
20.40097635274007
20.425484983668063
20.449964206580017
20.474414127125065
20.498834850321124
20.523226480560155
20.547589121613385
20.571922876636453
20.59622784817452
20.62050413816732
20.64475184795413
20.668971078278737
20.69316192929432
20.71732450056827
20.741458891087003
20.76556519926067
20.789643522927864
20.813693959360243
20.83771660526713
20.861711556800046
20.885678909557207
Current segment is :  449
20.90961875858798
20.933531198397272
20.9574163229499
20.981274225674888
21.005104999469747
21.0289087367047
21.052685529226856
21.076435468364352
21.100158644930453
21.123855149227595
21.14752507105142
21.17116849969473
21.19478552395143
21.218376232120427
21.241940712009473
21.265479050938993
21.288991335745852
21.312477652787113
21.335938087943727
21.359372726624205
21.382781653768248
Current segment is :  470
21.406164953850343
21.429522710883326
21.452855008421903
21.47616192956614
21.499443556964916
21.522699972819364
21.545931258886235
21.569137496481268
21.592318766482517
21.615475149333633
21.63860672504713
21.66171357320761
21.684795772974965
21.70785340308754
21.730886541865274
21.753895267212798
21.776879656622523
6.533063896986756
6.609597665503947
6.685245235190306
6.760036807138641
6.8340009014571805
Current segment is :  492
6.907164485602068
6.979553090367778
7.051190914957154
7.12210092236305
7.192304926132502
7.261823669447083
7.330676897335784
Current segment is :  499
7.398883422736149
7.466461187032792
7.533427315627736
7.599798169032371
7.665589389914709
7.730815946486841
7.79549217257488
7.859631804676499
Current segment is :  507
7.923248016278485
7.986353449678114
8.04896024552687
8.111080070292791
8.172724141818023
8.23390325313069
8.29462779465477
8.354907774947824
Current segment is :  515
8.41475284008418
8.474172291790262
8.533175104428896
8.591769940920706
8.649965167682844
8.707768868658201
8.765188858501942
8.822232694986425
8.878907690680446
Current segment is :  524
8.93522092395404
8.991179249355886
9.046789307406483
9.102057533846846
9.15699016837928
9.21159326293393
9.265872689492191
9.319834147495712
9.37348317086748
Current segment is :  533
9.42682513466958
9.479865261420326
9.532608627091863
9.585060166807759
9.63722468025875
9.689106836853503
9.740711180620071
9.79204213487265
9.843104006657223
9.893900990988774
Current segment is :  543
9.944437174891908
9.99471654125589
10.044742972514458
10.094520254160006
10.144052078101213
10.193342045872512
10.242393671703361
10.291210385454693
10.33979553542954
10.388152391064327
Current segment is :  553
10.436284145507022
10.484193918087836
10.531884756687967
10.579359640011438
3.173807892003431
3.3313473578481583
3.4814367800220647
3.6250556453334237
3.762984562547055
3.8958578155963752
4.024199255060192
Current segment is :  564
4.148447575858741
4.268974590086828
4.3860987353466925
4.500095257123688
4.61120401625684
Current segment is :  569
4.71963556650646
4.8255759496047474
4.929190524366741
5.03062705791689
5.130018245982229
Current segment is :  574
5.227483786264
5.323132098232719
5.417061760464096
5.509362720303469
5.600117318499984
5.689401162313086
Current segment is :  580
5.777283873645173
5.863829733418639
5.949098239281017
6.033144590490782
6.116020111291009
6.19777262205809
Current segment is :  586
6.278446765898166
6.358084297065235
6.436724336523471
6.514403599120268
6.591156596135608
6.667015816396457
6.742011888667702
Current segment is :  593
6.816173727634557
6.889528665460286
6.96210257062548
7.033919955521474
7.105004074072967
7.17537701049739
7.245059760165946
Current segment is :  600
7.314072303409419
7.382433673007437
7.450162016010119
7.517274650463641
7.583788117544315
7.649718229547748
7.715080114129157
7.779888255146943
Current segment is :  608
7.844156530423161
7.9078982467008485
7.9711261720485975
8.03385256593674
8.096089207186543
8.157847419973548
8.219138098048234
8.279971727321202
Current segment is :  616
8.340358406945985
8.400307869019892
8.459829497012121
8.518932343018248
8.577625143931238
8.63591633661104
8.693814072127571
8.751326229145398
8.808460426512513
Current segment is :  625
8.865224035110339
8.92162418901731
8.977667796034012
9.033361547614003
9.08871192824081
9.143725224288447
9.19840753239979
9.25276476741453
9.306802669875948
Current segment is :  634
9.360526813143581
9.41394261013675
9.467055319732156
9.519870052836952
9.572391778157247
9.624625327680462
9.676575401888753
9.728246574719423
9.779643298287198
9.83076990738219
Current segment is :  644
9.881630623756454
9.932229560211127
9.98257072449543
10.03265802302797
10.082495264450168
10.132086163020976
10.181434341861465
10.230543336057325
10.279416595626811
10.328057488361202
Current segment is :  654
10.376469302544406
10.424655249557944
10.472618466377147
10.520362017964105
10.567888899562497
10.61520203889922
10.66230429829737
10.709198476704925
10.75588731164319
10.80237348107886
10.848659605223316
Current segment is :  665
10.894748248262616
10.940641920021367
10.986343077563594
11.031854126733458
11.077177423638586
11.122315276078595
11.167269944921276
11.212043645428748
11.256638548535806
11.301056782082537
11.3453004320032
Current segment is :  676
11.389371543473247
11.433272122016277
11.47700413457261
11.520569510531118
11.563970142725815
11.607207888398698
11.650284570130205
11.693201976738619
11.735961864149669
11.778565956237541
11.821015945638434
11.86331349453773
Current segment is :  688
11.90546023543185
11.947457771865759
11.989307679147073
12.031011505037675
12.072570770423685
12.113986969964627
12.155261572722553
12.196396022771909
12.237391739790809
12.278250119634466
12.31897253489138
12.359560335422945
Current segment is :  700
12.400014848887068
12.440337381246364
12.480529217261498
12.520591620970185
12.560525836152364
12.60033308678202
12.640014577466145
12.679571493871238
12.71900500313783
12.758316254283391
12.797506378594045
12.836576490005463
12.875527685473296
Current segment is :  713
12.9143610453335
12.953077633652878
12.991678498570183
13.030164672628064
13.068537173096177
13.106797002285731
13.14494514785576
13.182982583111361
13.220910267294192
13.258729145865427
13.296440150781454
13.334044200762502
13.371542201554446
Current segment is :  726
13.40893504618398
13.446223615207387
13.483408776953063
13.520491387758028
13.55747229219858
13.594352323315274
13.631132302832391
13.667813041372073
13.704395338663272
13.74087998374567
13.777267755168712
13.813559421185904
13.849755739944495
13.885857459670708
Current segment is :  740
13.921865318850609
13.957780046406763
13.993602361870797
14.029332975551974
14.064972588701886
14.10052189367541
14.135981574087968
14.171352304969261
14.206634752913532
14.241829576226452
14.276937425068756
14.311958941596666
14.346894760099246
14.381745507132713
Current segment is :  754
14.416511801651833
14.451194255138446
14.485793471727222
14.520310048328696
14.554744574749677
14.589097633811079
14.623369801463259
14.657561646898909
14.691673732663583
14.725706614763896
14.759660842773483
14.793536959936759
14.827335503270518
14.861057003663472
14.89470198597373
Current segment is :  769
14.928270969124306
14.961764466196682
14.995182984522488
15.028527025773341
15.061797086048877
15.094993655963043
15.128117220728669
15.161168260240373
15.19414724915584
15.227054656975504
15.259890948120683
15.292656582010196
15.325352013135497
15.357977691134375
15.390534060863224
Current segment is :  784
15.423021562467959
15.455440631453556
15.487791698752305
15.520075190790765
15.552291529555456
15.58444113265734
15.61652441339509
15.6485417808172
15.680493639782929
15.712380391022153
15.744202431194099
15.775960152945018
15.807653944964812
15.839284192042637
15.870851275121504
15.902355571351901
Current segment is :  800
15.933797454144457
15.965177293221673
15.99649545466873
16.02775230098341
16.05894819112512
16.090083480563084
16.121158521323686
16.15217366203697
16.183129247982354
16.21402562113357
16.244863120202787
16.275642080684033
16.30636283489584
16.337025712023166
16.367631038158635
4.91028931144759
Current segment is :  816
5.012116305395651
5.111874565087618
5.209686041803974
5.305661115155393
5.399900077868592
Current segment is :  821
5.492494383835335
5.583527704046189
5.673076825408597
5.761212420146288
5.847999707879605
5.933499028155955
Current segment is :  827
6.017766337820518
6.100853644959314
6.182809389039999
6.263678775194185
6.343504069233869
6.422324858901997
Current segment is :  833
6.500178285968514
6.577099253056342
6.6531206084840635
6.728273311918058
6.802586583216703
6.876088036507073
6.94880380124792
Current segment is :  840
7.0207586317915895
7.091976006753875
7.162478219328175
7.232286459533463
7.301420889260166
7.369900710870705
7.4377442300191365
Current segment is :  847
7.504968913274844
7.571591441066477
7.637627756402791
7.703093109775223
7.768002100601972
7.832368715533919
7.896206363908203
7.959527910605031
Current segment is :  855
8.022345706536598
8.084671616973566
8.146517047893761
8.207892970519403
8.268809944192899
8.329278137726739
8.389307349350169
8.448907025363795
Current segment is :  863
8.508086277603049
8.566853899802204
8.625218382942455
8.683187929660114
8.740770467784401
8.797973663068253
8.854804931170234
8.911271448940708
8.967380165061059
Current segment is :  872
9.023137810080739
9.078550905893305
9.133625774689317
9.188368547420994
9.242785171810787
9.296881419933586
9.350662895399966
9.40413504016587
9.457303140992204
Current segment is :  881
9.5101723355761
9.562747618374033
9.615033846135528
9.667035743164831
9.718757906326742
9.770204809811652
9.821380809673792
9.872290148155761
9.922936957811514
9.973325265439165
Current segment is :  891
10.023458995834249
10.073341975373328
10.122977935437264
10.172370515682813
10.221523267170694
10.270439655357755
10.319123062960387
10.367576792695882
10.41580406990807
10.463808045083114
Current segment is :  901
10.511591796261056
10.559158331348335
10.606510590336212
10.653651447429738
10.700583713091632
10.747310136005204
10.79383340496019
10.84015615066518
10.886280947490116
10.932210315142093
10.97794672027761
Current segment is :  912
11.023492578054132
11.068850253623797
11.114022063571836
11.159010277302205
11.20381711837278
11.248444765782347
11.292895355211474
11.337170980219303
11.381273693398136
11.425205507487629
11.468968396450311
Current segment is :  923
11.512564296510055
11.555995107155045
11.599262692106722
11.642368880256099
11.685315466568781
11.728104212959966
11.770736849140627
11.813215073436034
11.855540553577704
11.897714927469844
11.939739803931253
11.981616763413685
Current segment is :  935
12.023347358697517
12.064933115565658
12.106375533456474
12.147676086096546
12.188836222114023
12.229857365633276
12.270740916851546
12.311488252598268
12.352100726877685
12.392579671395358
12.432926396069165
12.473142189525328
Current segment is :  947
12.513228319580023
12.55318603370705
12.593016559492092
12.632721105073994
12.672300859573536
12.711756993510118
12.751090659206785
12.79030299118397
12.82939510654235
12.868368105335179
12.907223070930444
3.872166921279133
4.0012935860549455
Current segment is :  960
4.126253174559665
4.2474284827261
4.365146768515597
4.479690454333069
4.591305309220277
Current segment is :  965
4.700206801568411
4.806585099611203
4.910609056253611
5.012429419934009
5.112181447964876
Current segment is :  970
5.209987053084594
5.305956581397332
5.400190296341966
5.492779626080716
5.5838082188948
5.673352841560757
Current segment is :  976
5.761484148384685
5.84826734297877
5.933762750537435
6.018026314994021
6.101110032782732
6.1830623328254095
Current segment is :  982
6.263928410682257
6.34375052345534
6.422568250941834
6.500418727645865
6.577336849531388
6.65335545880113
6.72850550949301
Current segment is :  989
6.802816216275454
6.876315188481079
6.9490285511317
7.020981054466654
7.092196173282836
7.162696197222326
7.232502312996704
Current segment is :  996
7.301634679411784
7.370112495949201
7.437954065569042
7.50517685231823
7.5717975342606625
7.6378320521855825
7.703295654498875
7.768202938656922
Current segment is :  1004
7.8325678894632205
7.8964039145135265
7.9597238770449525
8.022540126417868
8.084864526435952
8.146708481689018
8.208082962084852
8.268998525720066
Current segment is :  1012
8.329465340225449
8.389493202708453
8.449091558403953
8.508269518134153
8.567035874669324
8.625399118072842
8.683367450106585
8.740948797766112
8.798150826009062
Current segment is :  1021
8.854980949734822
8.911446345068617
8.967553959998789
9.023310524412043
9.078722559567796
9.133796387049511
9.188538137227885
9.242953757268054
9.297049018710517
Current segment is :  1030
9.35082952465318
9.404300716559927
9.457467880719145
9.510336154374015
9.562910531544693
9.615195868561146
9.667196889324005
9.718918190309628
9.770364245334408
9.82153941009234
Current segment is :  1040
9.872447926478907
9.923093926713454
9.973481437271424
10.023614382637069
10.073496588886552
10.123131787110735
10.172523616686304
10.22167562840342
10.270591287457462
10.319273976312056
Current segment is :  1050
10.36772699744007
10.415953575948883
10.46395686209587
3.1391870586287607
3.298463963974569
3.45004967340203
3.5949751229846036
3.734058143838693
3.867960718662016
3.9972278018533256
4.122314493126756
Current segment is :  1061
4.243605578713181
4.3614299124609035
4.4760712136019505
4.587776317506596
4.6967615786432475
Current segment is :  1066
4.803217908526706
4.907314788893594
5.0092035043131995
5.109019772422386
5.2068859037493604
Current segment is :  1071
5.302912590187787
5.397200397406253
5.489841019058968
5.580918337739812
5.670509327921276
5.7586848287599794
Current segment is :  1077
5.845510209010502
5.931045941927242
6.015348104631031
6.09846881374096
6.180456606951186
6.261356778540069
Current segment is :  1083
6.341211675439361
6.42006095939192
6.497941839832556
6.574889281395512
6.650936189351029
6.726113575776802
6.800450708857737
Current segment is :  1090
6.873975247363506
6.946713362065298
7.018689845610798
7.089928212171856
7.160450788005784
7.230278793923726
7.2994324205335595
Current segment is :  1097
7.367930897016948
7.435792554107467
7.503034881856888
7.56967458270768
7.635727620329959
7.701209264629156
7.7661341332853615
7.830516230145757
Current segment is :  1105
7.8943689807569
7.95770526529323
8.020537449111435
8.082877411136723
8.144736570266254
8.206125909956544
8.267056001145292
8.327537023643595
Current segment is :  1113
8.387578786121551
8.447190744798746
8.506382020940801
8.56516141725396
8.623537433261408
8.681518279737643
8.739111892270486
8.796325944014376
8.853167857693146
Current segment is :  1122
8.909644816905606
8.965763776782802
9.021531474041877
9.076954436477765
9.132038991930708
9.186791276764556
9.241217243888094
9.295322670349169
9.3491131645291
Current segment is :  1131
9.402594172962822
9.455770986808275
9.508648747986877
9.561232455015267
9.613526968547122
9.665537016642464
9.717267199780668
9.768721995632252
9.819905763603492
9.870822749166958
Current segment is :  1141
9.921477087990153
9.971872809873666
10.022013842509473
10.071904015069324
10.121547061632507
10.170946624461724
10.220106257135193
10.269029427542636
10.317719520752316
10.366179841755843
Current segment is :  1151
10.414413618097052
10.462424002390907
10.510214074737979
10.557786845039754
10.605145255219716
10.65229218135483
10.699230435721827
10.7459627687624
10.792491870971228
10.838820374710467
10.884950855954221
Current segment is :  1162
10.930885835966235
10.976627782913923
11.022179113421666
11.067542194066142
11.112719342816302
11.157712830420506
11.202524881743138
11.247157677052957
11.29161335326528
11.33589400514001
11.380001686437426
Current segment is :  1173
11.423938411033513
11.467706153996577
11.511306852626769
11.55474240746005
11.598014683238105
11.641125509845578
11.68407668321598
11.726869966207545
11.769507089450219
11.81198975216497
11.854319622956499
11.896498340580388
Current segment is :  1185
11.938527514685717
11.980408726534074
12.02214352969589
12.063733450724945
12.105179989811893
12.146484621417603
12.18764879488705
12.228673935044498
12.269561442770671
12.310312695562564
12.35092904807652
12.391411832655212
Current segment is :  1197
12.431762359839075
12.471981918862761
12.512071778137155
12.552033185717447
12.591867369757761
12.631575538952813
12.671158882967035
12.710618572851605
12.749955761449801
12.789171583791065
12.828267157474171
12.867243583039855
12.906101944333258
Current segment is :  1210
12.944843308856536
12.983468728111932
13.021979237935659
13.060375858822859
13.098659596243955
13.136831440952658
13.174892369285901
13.212843343455955
13.250685311834975
13.288419209232222
13.326045957164181
13.363566464117799
13.400981625807049
Current segment is :  1223
13.438292325423047
13.475499433877898
13.512603810042464
13.549606300978253
13.586507742163588
13.623308957714244
13.660010760598695
13.696613952848164
13.733119325761594
13.769527660105712
13.805839726310325
13.842056284658973
13.878178085475096
13.914205869303817
Current segment is :  1237
13.950140367089498
13.98598230034915
14.021732381341854
14.057391313234273
14.092959790262388
14.128438497889544
14.163828112960925
14.19912930385454
14.234342730628834
14.269469045166991
14.304508891318054
14.339462905034909
14.374331714509246
14.40911594030357
Current segment is :  1251
14.443816195480327
14.478433085728241
14.512967209485932
14.547419158062871
14.581789515757754
14.616078859974365
14.650287761334992
14.684416783791438
14.718466484733725
14.752437415096518
14.786330119463345
14.820145136168664
14.85388299739782
14.88754422928497
14.921129352009002
Current segment is :  1266
14.954638879887511
14.988073321468876
15.021433179622479
15.054718951627128
15.087931129257715
15.121070198870143
15.154136641484593
15.187130932867134
15.220053543609755
15.252904939208815
15.285685580141987
15.318395921943702
15.351036415279154
15.383607506016867
15.4161096352999
Current segment is :  1281
15.448543239615681
15.480908750864522
15.513206596426855
15.54543719922919
15.577600977808848
15.609698346377492
15.641729714883471
15.673695489073026
15.705596070550353
15.73743185683659
15.769203241427704
15.800910613851343
15.832554359722653
15.864134860799092
15.895652495034257
15.927107636630753
Current segment is :  1297
15.958500656092118
15.989831920273827
16.0211017924334
16.052310632279617
16.08345879602089
16.114546636412765
16.145574502804624
16.17654274118556
16.207451694229462
16.238301701339342
16.269093098690874
16.299826219275218
16.330501392941102
16.36111894643619
16.39167920344776
16.4221824846427
Current segment is :  1313
16.452629107706812
16.4830193873835
16.51335363551177
16.543632161063645
16.57385527018093
16.604023266211374
16.634136449744275
16.66419511864546
16.69419956809172
16.72415009060468
16.754046976084133
16.78389051184082
16.813680982628703
16.843418670676705
16.873103855719958
16.902736815030554
16.932317823447804
Current segment is :  1330
16.96184715340803
16.991325074973876
17.020751855863168
17.050127761477334
17.07945305492937
17.108727997071366
17.137952846521635
17.167127859691394
17.196253290811065
17.22532939195614
17.2543564130727
17.28333460200249
17.312264204507674
17.34114546429516
17.369978623040613
17.398763920412065
17.427501594093204
Current segment is :  1347
17.4561918798063
17.4848350113348
17.513431220545574
17.54198073741086
17.570483790029865
17.59894060465006
17.627351405688156
17.655716415750796
17.684035855654912
17.712309944447835
17.740538899427065
17.7687229361598
17.796862268502167
17.824957108618165
17.853007666998373
17.881014152478365
17.908976772256878
17.936895731913722
Current segment is :  1365
17.96477123542743
17.99260348519268
18.020392682037457
18.048139025239976
18.075842712545395
18.103503940182268
18.131122902878776
18.15869979387876
18.186234804957504
18.213728126437314
18.241179947202895
18.26859045471651
18.295959835032928
18.32328827281418
18.350575951344123
18.377823052542784
18.405029756980543
18.432196243892108
Current segment is :  1383
18.459322691190305
18.486409275479698
18.513456172070004
18.54046355498937
18.567431596997437
18.594360469598257
18.621250343053035
18.648101386392696
18.674913767430308
18.70168765277333
18.728423207835704
18.75512059684979
18.781779982878156
18.808401527825218
18.83498539244871
18.86153173637104
18.888040718090476
18.914512494992202
18.940947223359238
Current segment is :  1402
18.96734505838321
18.993706154175
19.020030663775255
19.04631873916476
19.07257053127469
19.098786189996733
19.12496586419309
19.151109701706343
19.177217849369214
19.20329045301419
19.229327657483047
19.25532960663624
19.281296443362198
19.30722830958648
19.333125346280855
19.358987693472237
19.384815490251537
19.410608874782405
19.436367984309854
Current segment is :  1421
19.462092955168792
19.487783922792456
19.513441021720734
19.5390643856084
19.56465414723323
5.869396244169969
1.7608188732509906
2.0447776651492466
2.289303027745823
2.507710112321397
2.707095199753671
2.891795021187914
3.0646980092408524
3.227846221068697
3.382748272082285
3.5305570830796875
3.6721777928527333
3.8083367775765025
3.9396276872838585
4.0665432335457234
Current segment is :  1441
4.189497785184423
4.308843832285386
4.424884241142535
4.5378815474564504
4.648065119850546
Current segment is :  1446
4.755636762481938
4.860775154031223
4.963639405957242
5.064371944948674
5.163100870358411
Current segment is :  1451
5.259941899142203
5.354999983354414
5.448370665250625
5.54014122028811
5.6303916272937995
5.719195396746747
Current segment is :  1457
5.80662028177243
5.892728891555224
5.9775792230742155
6.061225124088783
6.143716697947816
6.225100658924893
Current segment is :  1463
6.305420645282568
6.384717496060331
6.463029496600452
6.540392597026189
6.616840607230858
6.692405371395436
6.767116924604256
Current segment is :  1470
6.841003633755397
6.914092324650526
6.986408396887134
7.057975927955426
7.128817767755359
7.198955624590691
7.268410143561757
Current segment is :  1477
7.337200978163034
7.405346855792406
7.472865637793671
7.539774374580168
7.606089356323616
7.671826159636912
7.7369996906314755
7.801624224687672
Current segment is :  1485
7.86571344324011
7.929280467847358
7.992337891787331
8.05489780939464
8.116971843334195
8.17857116998587
8.239706543097855
8.300388315850894
Current segment is :  1493
8.360626461462127
8.420430592444982
8.47980997863084
8.538773564048437
8.597329982748331
8.65548757365194
8.713254394497715
8.770638234950686
8.827646628935918
Current segment is :  1502
8.884286866251383
8.940566003511048
8.996490874464817
9.052068099738193
9.107304096031068
9.16220508481192
9.216777100540845
9.271025998452314
9.324957461926095
Current segment is :  1511
9.37857700947272
9.431890001357841
9.484901645888048
9.537617005379072
9.590041001825774
9.642178422291945
9.694033924036658
9.745612039392768
9.796917180412024
9.847953643290337
Current segment is :  1521
9.898725612585771
9.949237165241021
9.999492274421332
10.049494813178125
10.099248557947895
10.148757191895369
10.198024308109293
10.247053412658731
10.295847927517249
10.34441119336189
Current segment is :  1531
10.392746472253437
10.440856950204083
10.488745739638194
10.536415881751607
10.583870348774493
10.631112046142592
10.678143814581286
10.724968432106781
10.771588615948366
10.818007024395538
10.864226258573558
Current segment is :  1542
10.910248864150777
10.956077332980934
11.001714104683417
11.047161568164325
11.092422063081038
11.137497881252811
11.182391268019835
11.227104423553028
11.271639504116727
11.315998623286337
11.360183853122887
Current segment is :  1553
11.404197225306344
11.448040732229433
11.491716328053649
11.535225929729021
11.57857141797918
11.621754638253108
11.664777401644985
11.7076414857834
11.75034863569119
11.79290056461705
11.835298954840077
11.877545458448296
Current segment is :  1565
11.919641698092184
11.961589267714182
12.003389733255124
12.045044633338453
12.086555479933084
12.127923758995728
12.169150931093435
12.210238432007115
12.251187673316714
12.29200004296876
12.332676905826894
12.373219604206007
Current segment is :  1577
12.413629458390607
12.453907767137936
12.49405580816642
12.534074838629946
12.573966095578484
12.613730796405523
12.653370139282769
12.692885303582573
12.732277450288482
12.771547722394331
12.81069724529227
12.849727127150086
12.888638459278186
Current segment is :  1590
12.927432316486591
12.966109757432257
13.004671824957052
13.043119546416694
13.08145393400094
13.119675985045314
13.157786682334631
3.9473360047003894
4.074003711580324
4.19673310394164
4.315873394166528
4.431724799973709
4.5445476900599715
Current segment is :  1603
4.654569640339781
4.761990957160706
4.8669890565897145
4.969721977125671
5.070331226959237
Current segment is :  1608
5.16894411389283
5.2656756685359
5.360630244448667
5.453902859271857
5.545580326381485
5.635742215773186
Current segment is :  1614
5.724461674693895
5.811806132288982
5.897837907716267
5.982614737433109
6.06619023442634
6.148614289834699
Current segment is :  1620
6.229933425566896
6.3101911050387285
6.389428007959267
6.467682274127874
6.5449897204135565
6.62138403443983
6.69689694796355
Current segment is :  1627
6.771558392493026
6.845396639321748
6.918438425845537
6.990709069771791
7.062232572611014
7.133031713655889
7.2031281354960965
Current segment is :  1634
7.272542421983111
7.341294169444717
7.409402051850663
7.476883880546288
7.543756659097915
7.610036633730579
7.675739339783768
7.740879644563071
Current segment is :  1642
7.805471786923944
7.869529413887329
7.933065614554887
7.996092951563501
8.058623490293948
8.120668826026808
8.182240109219332
8.243348069059893
Current segment is :  1650
8.304003035441413
8.364214959481663
8.423993432706242
8.483347704999327
8.54228670141761
8.600819037954269
8.658953036332047
8.716696737897589
8.774057916682914
Current segment is :  1659
8.831044091694285
8.887662538483635
8.943920300053113
8.999824197139162
9.055380837918761
9.110596627177042
9.1654777749724
9.220030304832362
9.27426006151092
Current segment is :  1668
9.3281727183357
9.381773784171155
9.435068610022062
9.488062395299776
9.540760193772064
9.593166919215848
9.645287350790792
9.697126138150404
9.74868780630618
9.799976760259199
Current segment is :  1678
9.850997289412655
9.90175357177783
9.95224967798523
10.00248957511181
10.052477130334472
10.102216114419418
10.151710205056256
10.200962990045229
10.249977970345416
10.298758562991232
Current segment is :  1688
10.347308103884128
10.395629850465957
10.443726984280085
10.491602613425945
10.539259774912423
10.586701436915119
10.633930500942233
10.680949803913576
10.727762120156912
10.77437016332563
10.820776588241484
Current segment is :  1699
10.86698399266598
10.912994919003726
10.958811855940928
11.004437240022044
11.049873457167392
11.095122844134414
11.140187689925133
11.185070237142195
11.229772683295788
11.274297182063581
11.318645844505747
Current segment is :  1710
11.362820740236998
11.406823898557489
11.450657309544331
11.49432292510539
11.537822659996944
11.581158392806703
11.624331966903622
11.667345191355881
11.710199841818305
11.752897661390474
11.795440361446696
11.837829622438957
Current segment is :  1722
11.88006709467392
11.922154399065
11.964093127860462
12.00588484534849
12.047531088540113
12.089033367830815
12.130393167641651
12.171611947040638
12.212691140345152
12.253632157706036
12.294436385674114
12.335105187749711
Current segment is :  1734
12.37563990491585
12.416041856155672
12.456312338954675
12.49645262978829
12.536463984595345
12.576347639237866
12.616104809947748
12.65573669376071
12.695244468937995
12.734629295376223
12.77389231500582
12.813034652178386
12.85205741404339
Current segment is :  1747
12.890961690914551
12.929748556626238
12.968419068880227
13.006974269583127
13.045415185174791
13.083742826947988
13.121958191359628
13.160062260333818
13.198056001556994
13.235940368765393
13.273716302025104
13.311384728004926
13.348946560242265
Current segment is :  1760
13.386402699402277
13.423754033530477
13.461001438299
13.498145777246727
13.535187902013435
13.572128652568189
13.608968857432103
13.645709333895677
13.682350888230857
13.71889431589796
13.755340401747647
13.79168992021805
13.827943635527223
13.86410230186105
Current segment is :  1774
13.900166663556714
13.936137455281887
13.972015402209749
14.007801220189947
14.043495615915617
14.079099287086587
14.114612922568837
14.150037202550367
14.185372798693527
14.22062037428393
14.255780584376042
14.29085407593553
14.32584148797845
14.36074345170739
Current segment is :  1788
14.395560590644621
14.430293520762323
14.464942850610022
14.499509181439246
14.533993107325513
14.568395215287707
14.60271608540491
14.636956290930767
14.67111639840542
14.705196967765115
14.739198552449498
14.773121699506698
14.806966949696216
14.840734837589709
14.874425891669697
Current segment is :  1803
14.908040634426257
14.941579582451753
14.975043246533644
15.008432131745428
15.041746737535757
15.074987557815776
15.108155081044726
15.14124979031385
15.174272163428641
15.207222672989491
15.24010178647075
15.272909966298256
15.305647669925353
15.33831534990746
15.370913453975193
Current segment is :  1818
15.403442425106098
15.435902701595012
15.468294717123092
15.500618900825547
15.532875677358087
15.565065466962135
15.59718868552882
15.629245744661786
15.661237051738826
15.693163009972405
15.725024018469053
4.7175072055407155
4.823495384936128
4.927154652769473
5.028633099304322
5.128063698062695
Current segment is :  1834
5.225566387077438
5.32124979495385
5.415212683235124
5.50754516013819
5.598329708509911
5.6876420616640955
Current segment is :  1840
5.775551953773887
5.862123766130849
5.947417086426952
6.031487194968875
6.114385489176823
6.196159855690851
Current segment is :  1846
6.276854997786124
6.3565127244942214
6.4351722067718695
6.512870205198989
6.5896412729842595
6.665517937477342
6.740530862907895
Current segment is :  1853
6.814708996673504
6.888079701166398
6.960668872850246
7.03250105006388
7.103599510830617
7.173986361783808
7.243682619176146
Current segment is :  1860
7.312708282818055
7.381082403685805
7.4488231458498975
7.515947843296711
7.582473052149236
7.648414598734526
7.713787623894894
7.77860662389577
Current segment is :  1868
7.84288548824456
7.906637534701114
7.969875541730723
8.032611778624508
8.094858033489027
8.156625639286617
8.21792549808996
8.27876810369842
Current segment is :  1876
8.339163562749462
8.399121614445853
8.458651649008043
8.517762724951055
8.57646358527619
8.634762672659757
8.692668143713774
8.750187882387058
8.807329512569243
Current segment is :  1885
8.864100409954931
8.920507713220411
8.976558334561053
9.03225896963351
9.087616106943345
9.142636036715464
9.197324859281743
9.251688493017634
9.30573268185704
Current segment is :  1894
9.359463002412543
9.412884870726048
9.466003548673017
9.518824150041805
9.571351646308011
9.623590872122358
9.675546530529285
9.727223197932242
9.77862532882056
9.829757260271737
Current segment is :  1904
9.880623216242066
9.931227311657635
9.98157355631695
10.031665858615677
10.0815080291033
10.131103783880919
10.180456747848726
10.229570457811263
10.278448365447963
10.32709384015607
Current segment is :  1914
10.375510171772598
10.423700573181513
10.471668182812053
10.51941606703366
10.566947222452727
10.614264578116016
10.661370997625369
10.708269281168016
10.754962167466582
10.80145233565262
10.847742407067335
Current segment is :  1925
10.8938349469929
10.939732466317627
10.985437423138048
11.030952224300801
11.07627922688708
11.121420739642218
11.16637902435289
11.211156297174236
11.255754729909139
11.300176451241729
11.344423547927114
Current segment is :  1936
11.388498065939213
11.432402011578489
11.476137352541272
11.519706018952299
11.563109904361996
11.60635086670997
11.649430729256098
11.692351281480535
11.7351142799539
11.77772144917884
11.820174482404113
11.862475042412285
Current segment is :  1948
11.90462476228207
11.946625246126313
11.98847806980655
12.030184781625065
12.07174690299528
12.113165929091323
12.154443329477559
12.195580548718803
12.236579006971988
12.27744010055992
12.318165202527812
12.358755663183219
Current segment is :  1960
12.399212810619956
12.439537951226603
12.479732370180137
12.51979733192521
12.559734080639585
12.599543840686234
12.639227817052538
12.678787195777037
3.803636158733111
3.935089320690257
4.062151239557272
4.185238729538195
4.304706227645566
Current segment is :  1973
4.420858172414506
4.5339583852012275
4.64423729769235
4.751897601839264
4.857118724408587
Current segment is :  1978
4.960060412345375
5.060865636159892
5.159662963721307
5.256568518118097
5.3516876054612235
Current segment is :  1983
5.445116078283473
5.536941485274175
5.627244046955526
5.716097488503083
5.803569754503735
5.889723625509073
Current segment is :  1989
5.9746172524077
6.058304621635998
6.14083596187504
6.222258100994895
6.302614780496835
6.381946933486295
Current segment is :  1995
6.460292931221952
6.537688802480909
6.614168429319411
6.6897637222641135
6.764504777517822
