4.0
Current segment is :  0
5.5
7.0
8.5
10.0
Current segment is :  4
11.5
13.0
14.5
16.0
17.5
19.0
20.5
22.0
23.5
25.0
Current segment is :  14
26.5
28.0
29.5
31.0
32.5
34.0
35.5
37.0
38.5
40.0
41.5
43.0
44.5
46.0
47.5
49.0
50.5
52.0
53.5
55.0
56.5
58.0
59.5
61.0
62.5
Current segment is :  39
64.0
65.5
67.0
68.5
70.0
71.5
73.0
74.5
76.0
77.5
79.0
80.5
82.0
83.5
85.0
86.5
88.0
89.5
91.0
92.5
94.0
95.5
97.0
98.5
100.0
101.5
103.0
104.5
106.0
107.5
109.0
110.5
112.0
113.5
115.0
116.5
118.0
119.5
121.0
122.5
124.0
125.5
127.0
128.5
130.0
131.5
133.0
134.5
136.0
137.5
139.0
140.5
142.0
143.5
145.0
146.5
148.0
149.5
151.0
152.5
154.0
155.5
157.0
Current segment is :  102
158.5
160.0
161.5
163.0
164.5
166.0
167.5
169.0
170.5
172.0
173.5
175.0
176.5
178.0
179.5
181.0
182.5
184.0
185.5
187.0
188.5
190.0
191.5
193.0
194.5
196.0
197.5
199.0
200.5
202.0
203.5
205.0
206.5
208.0
209.5
211.0
212.5
214.0
215.5
217.0
218.5
220.0
221.5
223.0
224.5
226.0
227.5
229.0
230.5
232.0
233.5
235.0
236.5
238.0
239.5
241.0
242.5
244.0
245.5
247.0
248.5
250.0
251.5
253.0
254.5
256.0
257.5
259.0
260.5
262.0
263.5
265.0
266.5
268.0
269.5
271.0
272.5
274.0
275.5
277.0
278.5
280.0
281.5
283.0
284.5
286.0
287.5
289.0
290.5
292.0
293.5
295.0
296.5
298.0
299.5
301.0
302.5
304.0
305.5
307.0
308.5
310.0
311.5
313.0
314.5
316.0
317.5
319.0
320.5
322.0
323.5
325.0
326.5
328.0
329.5
331.0
332.5
334.0
335.5
337.0
338.5
340.0
341.5
343.0
344.5
346.0
347.5
349.0
350.5
352.0
353.5
355.0
356.5
358.0
359.5
361.0
362.5
364.0
365.5
367.0
368.5
370.0
371.5
373.0
374.5
376.0
377.5
379.0
380.5
382.0
383.5
385.0
386.5
388.0
389.5
391.0
392.5
Current segment is :  259
394.0
395.5
397.0
398.5
400.0
401.5
403.0
404.5
406.0
407.5
409.0
410.5
412.0
413.5
415.0
416.5
418.0
419.5
421.0
422.5
424.0
425.5
427.0
428.5
430.0
431.5
433.0
434.5
436.0
437.5
439.0
440.5
442.0
443.5
445.0
446.5
448.0
449.5
451.0
452.5
454.0
455.5
457.0
458.5
460.0
461.5
463.0
464.5
466.0
467.5
469.0
470.5
472.0
473.5
475.0
476.5
478.0
479.5
481.0
482.5
484.0
485.5
487.0
488.5
490.0
491.5
493.0
494.5
496.0
497.5
499.0
500.5
502.0
503.5
505.0
506.5
508.0
509.5
511.0
512.5
512.5019512195122
512.5039024315956
512.5058536362504
512.5078048334766
512.5097560232742
512.5117072056435
512.5136583805843
512.5156095480969
512.5175607081813
512.5195118608377
512.521463006066
512.5234141438665
512.5253652742391
512.527316397184
512.5292675127012
512.5312186207907
512.5331697214529
512.5351208146875
512.5370719004949
512.539022978875
512.5409740498279
512.5429251133538
512.5448761694528
512.5468272181248
512.54877825937
512.5507292931885
512.5526803195803
512.5546313385456
512.5565823500845
512.5585333541968
512.5604843508829
512.5624353401428
512.5643863219765
512.5663372963842
512.5682882633658
512.5702392229217
512.5721901750518
512.5741411197561
512.5760920570348
512.5780429868879
512.5799939093156
512.5819448243179
512.5838957318949
512.5858466320467
512.5877975247734
512.589748410075
512.5916992879517
512.5936501584035
512.5956010214306
512.597551877033
512.5995027252108
512.601453565964
512.6034043992928
512.6053552251972
512.6073060436773
512.6092568547333
512.6112076583652
512.6131584545731
512.615109243357
512.617060024717
512.6190107986533
512.620961565166
512.622912324255
512.6248630759205
512.6268138201626
512.6287645569814
512.6307152863769
512.6326660083492
512.6346167228985
512.6365674300248
512.6385181297281
512.6404688220086
512.6424195068664
512.6443701843015
512.646320854314
512.6482715169041
512.6502221720717
512.652172819817
512.65412346014
512.6560740930408
512.6580247185196
512.6599753365765
512.6619259472114
512.6638765504246
512.665827146216
512.6677777345857
512.6697283155339
512.6716788890607
512.673629455166
512.67558001385
512.6775305651128
512.6794811089544
512.681431645375
512.6833821743746
512.6853326959534
512.6872832101114
512.6892337168487
512.6911842161653
512.6931347080614
512.695085192537
512.6970356695923
512.6989861392273
512.700936601442
512.7028870562366
512.7048375036112
512.7067879435658
512.7087383761005
512.7106888012155
512.7126392189108
512.7145896291864
512.7165400320425
512.7184904274792
512.7204408154965
512.7223911960946
512.7243415692734
512.7262919350331
512.7282422933739
512.7301926442957
512.7321429877986
512.7340933238828
512.7360436525483
512.7379939737953
512.7399442876236
512.7418945940336
512.7438448930253
512.7457951845987
512.7477454687539
512.7496957454911
512.7516460148101
512.7535962767114
512.7555465311948
512.7574967782604
512.7594470179083
512.7613972501387
512.7633474749515
512.765297692347
512.767247902325
512.769198104886
512.7711483000297
512.7730984877563
512.775048668066
512.7769988409588
512.7789490064347
512.7808991644939
512.7828493151364
512.7847994583625
512.786749594172
512.7886997225651
512.7906498435419
512.7925999571025
512.794550063247
512.7965001619754
512.7984502532878
512.8004003371843
512.8023504136651
512.80430048273
512.8062505443794
512.8082005986132
512.8101506454316
512.8121006848345
512.8140507168222
512.8160007413946
512.817950758552
512.8199007682942
512.8218507706216
512.8238007655341
512.8257507530318
512.8277007331147
512.8296507057831
512.831600671037
512.8335506288763
512.8355005793013
512.837450522312
512.8394004579085
512.8413503860909
512.8433003068593
512.8452502202138
512.8472001261543
512.8491500246812
512.8510999157943
512.8530497994938
512.8549996757797
512.8569495446523
512.8588994061115
512.8608492601575
512.8627991067902
512.8647489460099
512.8666987778165
512.8686486022102
512.8705984191911
512.8725482287592
512.8744980309147
512.8764478256575
512.8783976129878
512.8803473929057
512.8822971654113
512.8842469305046
512.8861966881857
512.8881464384548
512.8900961813118
512.892045916757
512.8939956447903
512.8959453654119
512.8978950786218
512.8998447844201
512.901794482807
512.9037441737825
512.9056938573466
512.9076435334995
512.9095932022412
512.9115428635719
512.9134925174916
512.9154421640004
512.9173918030984
512.9193414347857
512.9212910590622
512.9232406759282
512.9251902853838
512.927139887429
512.9290894820639
512.9310390692885
512.9329886491031
512.9349382215075
512.936887786502
512.9388373440866
512.9407868942614
512.9427364370264
512.9446859723819
512.9466355003277
512.9485850208641
512.9505345339912
512.952484039709
512.9544335380176
512.956383028917
512.9583325124074
512.9602819884889
512.9622314571615
512.9641809184252
512.9661303722803
512.9680798187268
512.9700292577647
512.9719786893942
512.9739281136152
512.9758775304281
512.9778269398327
512.9797763418292
512.9817257364176
512.9836751235981
512.9856245033708
512.9875738757357
512.989523240693
512.9914725982426
512.9934219483847
512.9953712911193
512.9973206264466
512.9992699543666
513.0012192748794
513.0031685879852
513.005117893684
513.0070671919758
513.0090164828607
513.0109657663389
513.0129150424104
513.0148643110754
513.0168135723338
513.0187628261858
513.0207120726315
513.0226613116708
513.0246105433041
513.0265597675312
513.0285089843524
513.0304581937676
513.032407395777
513.0343565903806
513.0363057775786
513.038254957371
513.040204129758
513.0421532947395
513.0441024523157
513.0460516024866
513.0480007452524
513.0499498806131
513.0518990085689
513.0538481291197
513.0557972422657
513.057746348007
513.0596954463435
513.0616445372756
513.0635936208032
513.0655426969264
513.0674917656453
513.06944082696
513.0713898808705
513.0733389273769
513.0752879664793
513.0772369981779
513.0791860224726
513.0811350393636
513.083084048851
513.0850330509348
513.0869820456152
513.0889310328922
513.0908800127659
513.0928289852363
513.0947779503036
513.096726907968
513.0986758582293
513.1006248010877
513.1025737365434
513.1045226645963
513.1064715852466
513.1084204984944
513.1103694043397
Current segment is :  652
513.1123183027827
513.1142671938234
513.1162160774618
513.1181649536982
513.1201138225325
513.1220626839648
513.1240115379953
513.125960384624
513.127909223851
513.1298580556764
513.1318068801003
513.1337556971228
513.1357045067439
513.1376533089636
513.1396021037823
513.1415508911998
513.1434996712163
513.1454484438318
513.1473972090465
513.1493459668604
513.1512947172737
513.1532434602863
513.1551921958984
513.1571409241101
513.1590896449214
513.1610383583325
513.1629870643434
513.1649357629542
513.166884454165
513.1688331379759
513.1707818143868
513.172730483398
513.1746791450096
513.1766277992216
513.1785764460341
513.1805250854471
513.1824737174609
513.1844223420753
513.1863709592906
513.1883195691067
513.1902681715239
513.1922167665423
513.1941653541618
513.1961139343825
513.1980625072046
513.2000110726281
513.201959630653
513.2039081812796
513.205856724508
513.207805260338
513.2097537887698
513.2117023098036
513.2136508234394
513.2155993296773
513.2175478285174
513.2194963199597
513.2214448040044
513.2233932806515
513.2253417499012
513.2272902117534
513.2292386662083
513.231187113266
513.2331355529265
513.2350839851899
513.2370324100565
513.2389808275261
513.240929237599
513.2428776402751
513.2448260355545
513.2467744234374
513.2487228039238
513.2506711770138
513.2526195427075
513.254567901005
513.2565162519063
513.2584645954116
513.2604129315209
513.2623612602343
513.264309581552
513.2662578954739
513.2682062020002
513.270154501131
513.2721027928662
513.2740510772062
513.2759993541508
513.2779476237002
513.2798958858546
513.2818441406139
513.2837923879782
513.2857406279477
513.2876888605224
513.2896370857023
513.2915853034876
513.2935335138784
513.2954817168747
513.2974299124768
513.2993781006845
513.3013262814981
513.3032744549174
513.3052226209428
513.3071707795742
513.3091189308118
513.3110670746556
513.3130152111057
513.3149633401622
513.3169114618252
513.3188595760947
513.3208076829709
513.3227557824538
513.3247038745435
513.32665195924
513.3286000365437
513.3305481064543
513.3324961689722
513.3344442240972
513.3363922718295
513.3383403121692
513.3402883451164
513.3422363706712
513.3441843888337
513.3461323996039
513.348080402982
513.3500283989679
513.3519763875618
513.3539243687637
513.3558723425739
513.3578203089922
513.3597682680189
513.361716219654
513.3636641638976
513.3656121007498
513.3675600302106
513.3695079522802
513.3714558669586
513.373403774246
513.3753516741423
513.3772995666477
513.3792474517624
513.3811953294862
513.3831431998194
513.3850910627621
513.3870389183141
513.3889867664758
513.3909346072471
513.3928824406282
513.3948302666192
513.3967780852201
513.3987258964311
513.4006737002521
513.4026214966833
513.4045692857247
513.4065170673765
513.4084648416388
513.4104126085115
513.4123603679948
513.4143081200888
513.4162558647936
513.4182036021092
513.4201513320357
513.4220990545733
513.424046769722
513.4259944774819
513.4279421778531
513.4298898708356
513.4318375564295
513.433785234635
513.4357329054521
513.4376805688809
513.4396282249214
513.4415758735738
513.4435235148381
513.4454711487145
513.447418775203
513.4493663943036
513.4513140060166
513.4532616103419
513.4552092072796
513.45715679683
513.4591043789928
513.4610519537684
513.4629995211568
513.4649470811581
513.4668946337723
513.4688421789996
513.4707897168399
513.4727372472935
513.4746847703603
513.4766322860406
513.4785797943343
513.4805272952416
513.4824747887625
513.484422274897
513.4863697536454
513.4883172250076
513.4902646889838
513.4922121455741
513.4941595947785
513.4961070365971
513.49805447103
513.5000018980772
513.501949317739
513.5038967300153
513.5058441349062
513.5077915324118
513.5097389225323
513.5116863052676
513.5136336806179
513.5155810485833
513.5175284091638
513.5194757623595
513.5214231081706
513.5233704465969
513.5253177776387
513.5272651012962
513.5292124175693
513.5311597264581
513.5331070279627
513.5350543220833
513.5370016088198
513.5389488881723
513.540896160141
513.5428434247259
513.5447906819271
513.5467379317447
513.5486851741788
513.5506324092295
513.5525796368968
513.5545268571808
513.5564740700817
513.5584212755995
513.5603684737342
513.562315664486
513.564262847855
513.5662100238412
513.5681571924448
513.5701043536658
513.5720515075042
513.5739986539602
513.5759457930338
513.5778929247252
513.5798400490345
513.5817871659616
513.5837342755067
513.5856813776699
513.5876284724512
513.5895755598508
513.5915226398688
513.5934697125051
513.59541677776
513.5973638356334
513.5993108861254
513.6012579292362
513.6032049649659
513.6051519933145
513.6070990142821
513.6090460278688
513.6109930340747
513.6129400328998
513.6148870243443
513.6168340084082
513.6187809850916
513.6207279543945
513.6226749163171
513.6246218708595
513.6265688180217
513.6285157578038
513.630462690206
513.6324096152282
513.6343565328706
513.6363034431332
513.6382503460162
513.6401972415197
513.6421441296436
513.6440910103881
513.6460378837534
513.6479847497394
513.6499316083463
513.651878459574
513.6538253034229
513.6557721398927
513.6577189689838
513.6596657906961
513.6616126050297
513.6635594119849
513.6655062115616
513.6674530037599
513.6693997885798
513.6713465660215
513.6732933360851
513.6752400987706
513.6771868540781
513.6791336020077
513.6810803425595
513.6830270757337
513.6849738015301
513.6869205199489
513.6888672309904
513.6908139346543
513.692760630941
513.6947073198505
513.6966540013829
513.6986006755382
513.7005473423164
513.7024940017178
513.7044406537424
513.7063872983903
513.7083339356616
513.7102805655563
513.7122271880746
513.7141738032165
513.7161204109821
513.7180670113714
513.7200136043847
513.7219601900218
513.723906768283
513.7258533391682
513.7277999026777
513.7297464588115
513.7316930075697
513.7336395489523
513.7355860829595
513.7375326095912
513.7394791288476
513.7414256407288
513.743372145235
513.7453186423661
513.7472651321223
513.7492116145036
513.75115808951
513.7531045571418
513.755051017399
513.7569974702816
513.7589439157897
513.7608903539235
513.762836784683
513.7647832080683
513.7667296240794
513.7686760327165
513.7706224339796
513.7725688278689
513.7745152143845
513.7764615935263
513.7784079652945
513.7803543296891
513.7823006867103
513.7842470363581
513.7861933786327
513.7881397135341
513.7900860410623
513.7920323612175
513.7939786739997
513.7959249794092
513.7978712774458
513.7998175681097
513.801763851401
513.8037101273197
513.8056563958661
513.8076026570401
513.8095489108417
513.8114951572712
513.8134413963286
513.8153876280139
513.8173338523274
513.8192800692689
513.8212262788386
513.8231724810366
513.8251186758631
513.827064863318
513.8290110434015
513.8309572161136
513.8329033814545
513.8348495394241
513.8367956900227
513.8387418332502
513.8406879691069
513.8426340975926
513.8445802187076
513.846526332452
513.8484724388256
513.8504185378288
513.8523646294615
513.8543107137239
513.856256790616
513.858202860138
513.8601489222899
513.8620949770717
513.8640410244836
513.8659870645257
513.867933097198
513.8698791225006
513.8718251404337
513.8737711509972
513.8757171541912
513.8776631500159
513.8796091384713
513.8815551195576
513.8835010932747
513.8854470596228
513.8873930186021
513.8893389702125
513.8912849144541
513.8932308513271
513.8951767808314
513.8971227029673
513.8990686177347
513.9010145251337
513.9029604251646
513.9049063178272
513.9068522031217
513.9087980810483
513.910743951607
513.9126898147978
513.9146356706208
513.9165815190761
513.9185273601638
513.920473193884
513.9224190202369
513.9243648392224
513.9263106508407
513.9282564550917
513.9302022519757
513.9321480414927
513.9340938236428
513.936039598426
513.9379853658425
513.9399311258923
513.9418768785755
513.9438226238922
513.9457683618425
513.9477140924265
513.9496598156442
513.9516055314957
513.9535512399812
513.9554969411006
513.9574426348541
513.9593883212418
513.9613340002638
513.9632796719202
513.9652253362109
513.9671709931362
513.969116642696
513.9710622848905
513.9730079197197
513.9749535471839
513.9768991672829
513.9788447800169
513.980790385386
513.9827359833902
513.9846815740297
513.9866271573045
513.9885727332148
513.9905183017606
513.992463862942
513.994409416759
513.9963549632118
513.9983005023005
514.000246034025
514.0021915583857
514.0041370753823
514.0060825850152
514.0080280872843
514.0099735821897
514.0119190697316
514.01386454991
514.015810022725
514.0177554881766
514.019700946265
514.0216463969901
514.0235918403523
514.0255372763515
514.0274827049878
514.0294281262613
514.031373540172
514.0333189467201
514.0352643459056
514.0372097377286
514.0391551221892
514.0411004992875
514.0430458690236
514.0449912313975
514.0469365864093
514.0488819340592
514.0508272743472
514.0527726072733
514.0547179328377
514.0566632510404
514.0586085618816
514.0605538653613
514.0624991614795
514.0644444502365
514.0663897316322
514.0683350056668
514.0702802723403
514.0722255316527
514.0741707836044
514.0761160281952
514.0780612654253
514.0800064952947
514.0819517178036
514.083896932952
514.08584214074
514.0877873411678
514.0897325342352
514.0916777199425
514.0936228982897
514.095568069277
514.0975132329044
514.0994583891719
514.1014035380797
514.1033486796279
514.1052938138165
514.1072389406456
514.1091840601154
514.1111291722258
Current segment is :  1166
514.113074276977
514.1150193743691
514.1169644644021
514.1189095470762
514.1208546223913
514.1227996903476
514.1247447509452
514.1266898041841
514.1286348500645
514.1305798885863
514.1325249197498
514.134469943555
514.136414960002
514.1383599690907
514.1403049708215
514.1422499651943
514.1441949522092
514.1461399318663
514.1480849041657
514.1500298691074
514.1519748266916
514.1539197769183
514.1558647197876
514.1578096552996
514.1597545834544
514.161699504252
514.1636444176927
514.1655893237763
514.167534222503
514.169479113873
514.1714239978861
514.1733688745427
514.1753137438427
514.1772586057863
514.1792034603734
514.1811483076042
514.1830931474788
514.1850379799972
514.1869828051597
514.1889276229662
514.1908724334168
514.1928172365115
514.1947620322505
514.196706820634
514.1986516016618
514.2005963753342
514.2025411416512
514.2044859006129
514.2064306522193
514.2083753964706
514.2103201333668
514.2122648629081
514.2142095850945
514.2161542999261
514.218099007403
514.2200437075253
514.221988400293
514.2239330857062
514.2258777637651
514.2278224344697
514.22976709782
514.2317117538162
514.2336564024583
514.2356010437464
514.2375456776807
514.2394903042612
514.2414349234879
514.243379535361
514.2453241398805
514.2472687370466
514.2492133268594
514.2511579093187
514.253102484425
514.255047052178
514.2569916125781
514.2589361656251
514.2608807113193
514.2628252496606
514.2647697806493
514.2667143042853
514.2686588205687
514.2706033294996
514.2725478310782
514.2744923253045
514.2764368121786
514.2783812917006
514.2803257638705
514.2822702286884
514.2842146861544
514.2861591362687
514.2881035790313
514.2900480144422
514.2919924425015
514.2939368632094
514.2958812765659
514.2978256825711
514.2997700812251
514.3017144725279
514.3036588564797
514.3056032330805
514.3075476023305
514.3094919642297
514.3114363187781
514.3133806659758
514.3153250058231
514.3172693383199
514.3192136634663
514.3211579812623
514.3231022917082
514.325046594804
514.3269908905497
514.3289351789455
514.3308794599914
514.3328237336874
514.3347680000337
514.3367122590304
514.3386565106775
514.3406007549752
514.3425449919234
514.3444892215224
514.3464334437722
514.3483776586728
514.3503218662244
514.352266066427
514.3542102592808
514.3561544447857
514.358098622942
514.3600427937496
514.3619869572086
514.3639311133192
514.3658752620813
514.3678194034952
514.369763537561
514.3717076642786
514.3736517836481
514.3755958956697
514.3775400003433
514.3794840976692
514.3814281876473
514.3833722702778
514.3853163455608
514.3872604134963
514.3892044740844
514.3911485273252
514.3930925732188
514.3950366117654
514.3969806429648
514.3989246668173
514.4008686833229
514.4028126924817
514.4047566942937
514.4067006887592
514.4086446758781
514.4105886556505
514.4125326280765
514.4144765931562
514.4164205508897
514.4183645012771
514.4203084443184
514.4222523800138
514.4241963083632
514.4261402293669
514.4280841430248
514.4300280493371
514.4319719483038
514.4339158399251
514.435859724201
514.4378036011316
514.439747470717
514.4416913329572
514.4436351878525
514.4455790354027
514.4475228756081
514.4494667084687
514.4514105339845
514.4533543521557
514.4552981629823
514.4572419664645
514.4591857626023
514.4611295513957
514.463073332845
514.4650171069502
514.4669608737113
514.4689046331284
514.4708483852016
514.4727921299311
514.4747358673169
514.476679597359
514.4786233200575
514.4805670354126
514.4825107434243
514.4844544440926
514.4863981374178
514.4883418233999
514.4902855020389
514.4922291733349
514.4941728372879
514.4961164938982
514.4980601431657
514.5000037850907
514.5019474196731
514.503891046913
514.5058346668106
514.5077782793659
514.5097218845789
514.5116654824498
514.5136090729786
514.5155526561655
514.5174962320104
514.5194398005136
514.521383361675
514.5233269154949
514.5252704619732
514.5272140011099
514.5291575329053
514.5311010573594
514.5330445744722
514.534988084244
514.5369315866747
514.5388750817643
514.5408185695131
514.5427620499212
514.5447055229885
514.5466489887151
514.5485924471012
514.5505358981468
514.552479341852
514.5544227782168
514.5563662072415
514.558309628926
514.5602530432706
514.5621964502751
514.5641398499397
514.5660832422645
514.5680266272497
514.569970004895
514.5719133752009
514.5738567381673
514.5758000937942
514.5777434420819
514.5796867830304
514.5816301166398
514.58357344291
514.5855167618413
514.5874600734337
514.5894033776873
514.5913466746022
514.5932899641783
514.595233246416
514.5971765213152
514.599119788876
514.6010630490985
514.6030063019826
514.6049495475287
514.6068927857367
514.6088360166068
514.610779240139
514.6127224563334
514.6146656651899
514.6166088667089
514.6185520608904
514.6204952477343
514.6224384272408
514.62438159941
514.626324764242
514.6282679217368
514.6302110718946
514.6321542147153
514.6340973501992
514.6360404783463
514.6379835991567
514.6399267126303
514.6418698187674
514.6438129175681
514.6457560090323
514.6476990931602
514.6496421699519
514.6515852394074
514.6535283015269
514.6554713563104
514.6574144037579
514.6593574438697
514.6613004766457
514.6632435020861
514.6651865201909
514.6671295309602
514.6690725343941
514.6710155304927
514.6729585192561
514.6749015006843
514.6768444747775
514.6787874415356
514.6807304009589
514.6826733530472
514.6846162978009
514.6865592352199
514.6885021653043
514.6904450880543
514.6923880034698
514.694330911551
514.6962738122979
514.6982167057108
514.7001595917895
514.7021024705343
514.7040453419452
514.7059882060222
514.7079310627655
514.7098739121751
514.7118167542511
514.7137595889936
514.7157024164028
514.7176452364786
514.7195880492212
514.7215308546306
514.723473652707
514.7254164434503
514.7273592268607
514.7293020029383
514.7312447716832
514.7331875330955
514.7351302871751
514.7370730339222
514.739015773337
514.7409585054194
514.7429012301695
514.7448439475875
514.7467866576734
514.7487293604273
514.7506720558493
514.7526147439395
514.7545574246979
514.7565000981245
514.7584427642197
514.7603854229833
514.7623280744156
514.7642707185165
514.7662133552861
514.7681559847247
514.7700986068321
514.7720412216084
514.7739838290539
514.7759264291685
514.7778690219524
514.7798116074056
514.7817541855283
514.7836967563204
514.7856393197821
514.7875818759135
514.7895244247146
514.7914669661856
514.7934095003264
514.7953520271373
514.7972945466182
514.7992370587693
514.8011795635906
514.8031220610823
514.8050645512443
514.8070070340768
514.80894950958
514.8108919777537
514.8128344385982
514.8147768921135
514.8167193382998
514.818661777157
514.8206042086853
514.8225466328847
514.8244890497555
514.8264314592975
514.828373861511
514.8303162563959
514.8322586439524
514.8342010241805
514.8361433970804
514.8380857626521
514.8400281208957
514.8419704718112
514.8439128153989
514.8458551516587
514.8477974805908
514.8497398021951
514.8516821164719
514.8536244234211
514.8555667230429
514.8575090153373
514.8594513003045
514.8613935779445
514.8633358482573
514.8652781112431
514.8672203669021
514.8691626152341
514.8711048562394
514.873047089918
514.8749893162701
514.8769315352956
514.8788737469947
514.8808159513674
514.8827581484138
514.884700338134
514.8866425205282
514.8885846955963
514.8905268633384
514.8924690237548
514.8944111768453
514.8963533226101
514.8982954610493
514.900237592163
514.9021797159512
514.904121832414
514.9060639415517
514.9080060433641
514.9099481378514
514.9118902250137
514.9138323048511
514.9157743773635
514.9177164425512
514.9196585004141
514.9216005509525
514.9235425941663
514.9254846300556
514.9274266586207
514.9293686798613
514.9313106937778
514.9332527003702
514.9351946996386
514.937136691583
514.9390786762035
514.9410206535002
514.9429626234732
514.9449045861227
514.9468465414485
514.948788489451
514.9507304301301
514.9526723634858
514.9546142895184
514.9565562082279
514.9584981196143
514.9604400236777
514.9623819204182
514.9643238098361
514.9662656919311
514.9682075667035
514.9701494341534
514.9720912942809
514.974033147086
514.9759749925687
514.9779168307292
514.9798586615676
514.981800485084
514.9837423012784
514.9856841101509
514.9876259117017
514.9895677059307
514.991509492838
514.9934512724237
514.9953930446881
514.9973348096311
514.9992765672528
515.0012183175533
515.0031600605325
515.0051017961907
515.0070435245281
515.0089852455444
515.01092695924
515.0128686656149
515.0148103646691
515.0167520564028
515.0186937408159
515.0206354179087
515.0225770876812
515.0245187501334
515.0264604052655
515.0284020530776
515.0303436935696
515.0322853267419
515.0342269525943
515.036168571127
515.03811018234
515.0400517862334
515.0419933828074
515.043934972062
515.0458765539972
515.0478181286132
515.0497596959101
515.0517012558879
515.0536428085467
515.0555843538866
515.0575258919077
515.05946742261
515.0614089459938
515.0633504620589
515.0652919708056
515.0672334722339
515.0691749663438
515.0711164531355
515.073057932609
515.0749994047644
515.0769408696019
515.0788823271215
515.0808237773232
515.0827652202072
515.0847066557735
515.0866480840223
515.0885895049536
515.0905309185674
515.0924723248639
515.0944137238432
515.0963551155053
515.0982964998503
515.1002378768784
515.1021792465895
515.1041206089837
515.1060619640613
515.1080033118221
515.1099446522664
515.1118859853942
Current segment is :  1681
515.1138273112056
515.1157686297006
515.1177099408793
515.1196512447419
515.1215925412885
515.123533830519
515.1254751124336
515.1274163870323
515.1293576543153
515.1312989142826
515.1332401669343
515.1351814122705
515.1371226502913
515.1390638809968
515.141005104387
515.142946320462
515.1448875292219
515.1468287306668
515.1487699247967
515.1507111116118
515.1526522911122
515.1545934632978
515.1565346281689
515.1584757857254
515.1604169359675
515.1623580788953
515.1642992145088
515.1662403428081
515.1681814637933
515.1701225774644
515.1720636838216
515.174004782865
515.1759458745946
515.1778869590105
515.1798280361128
515.1817691059016
515.1837101683769
515.1856512235389
515.1875922713876
515.1895333119231
515.1914743451456
515.1934153710549
515.1953563896514
515.197297400935
515.1992384049058
515.2011794015639
515.2031203909094
515.2050613729423
515.2070023476628
515.2089433150709
515.2108842751667
515.2128252279504
515.2147661734219
515.2167071115814
515.218648042429
515.2205889659647
515.2225298821886
515.2244707911008
515.2264116927013
515.2283525869902
515.2302934739678
515.232234353634
515.2341752259889
515.2361160910326
515.2380569487651
515.2399977991867
515.2419386422972
515.2438794780969
515.2458203065858
515.2477611277639
515.2497019416313
515.2516427481883
515.2535835474348
515.2555243393709
515.2574651239968
515.2594059013123
515.2613466713178
515.2632874340133
515.2652281893987
515.2671689374743
515.2691096782399
515.2710504116959
515.2729911378423
515.2749318566791
515.2768725682065
515.2788132724245
515.2807539693331
515.2826946589325
515.2846353412228
515.286576016204
515.2885166838762
515.2904573442395
515.292397997294
515.2943386430397
515.2962792814768
515.2982199126054
515.3001605364254
515.3021011529371
515.3040417621404
515.3059823640355
515.3079229586224
515.3098635459013
515.3118041258722
515.3137446985352
515.3156852638904
515.3176258219378
515.3195663726775
515.3215069161097
515.3234474522344
515.3253879810517
515.3273285025616
515.3292690167643
515.3312095236598
515.3331500232483
515.3350905155298
515.3370310005043
515.3389714781721
515.3409119485331
515.3428524115874
515.3447928673351
515.3467333157763
515.3486737569111
515.3506141907395
515.3525546172617
515.3544950364777
515.3564354483876
515.3583758529916
515.3603162502895
515.3622566402817
515.364197022968
515.3661373983488
515.3680777664239
515.3700181271935
515.3719584806577
515.3738988268165
515.37583916567
515.3777794972183
515.3797198214615
515.3816601383998
515.3836004480331
515.3855407503615
515.3874810453852
515.3894213331042
515.3913616135186
515.3933018866285
515.3952421524339
515.397182410935
515.3991226621318
515.4010629060244
515.403003142613
515.4049433718975
515.406883593878
515.4088238085546
515.4107640159275
515.4127042159967
515.4146444087622
515.4165845942242
515.4185247723829
515.420464943238
515.4224051067899
515.4243452630386
515.4262854119842
515.4282255536267
515.4301656879663
515.4321058150031
515.434045934737
515.4359860471683
515.4379261522969
515.4398662501229
515.4418063406465
515.4437464238678
515.4456864997867
515.4476265684034
515.449566629718
515.4515066837305
515.4534467304411
515.4553867698498
515.4573268019567
515.4592668267619
515.4612068442655
515.4631468544675
515.465086857368
515.467026852967
515.4689668412649
515.4709068222614
515.4728467959569
515.4747867623513
515.4767267214447
515.4786666732373
515.480606617729
515.48254655492
515.4844864848103
515.4864264074
515.4883663226893
515.4903062306782
515.4922461313668
515.4941860247551
515.4961259108433
515.4980657896314
515.5000056611195
515.5019455253077
515.5038853821961
515.5058252317848
515.5077650740737
515.5097049090632
515.5116447367532
515.5135845571436
515.5155243702349
515.5174641760268
515.5194039745196
515.5213437657133
515.523283549608
515.5252233262038
515.5271630955007
515.5291028574989
515.5310426121983
515.5329823595993
515.5349220997017
515.5368618325057
515.5388015580113
515.5407412762187
515.5426809871279
515.5446206907391
515.5465603870522
515.5485000760674
515.5504397577847
515.5523794322042
515.5543190993261
515.5562587591504
515.5581984116772
515.5601380569065
515.5620776948384
515.5640173254732
515.5659569488107
515.5678965648511
515.5698361735946
515.571775775041
515.5737153691906
515.5756549560434
515.5775945355996
515.5795341078591
515.5814736728221
515.5834132304886
515.5853527808589
515.5872923239328
515.5892318597106
515.5911713881922
515.5931109093777
515.5950504232674
515.5969899298611
515.598929429159
515.6008689211614
515.602808405868
515.6047478832791
515.6066873533947
515.608626816215
515.6105662717399
515.6125057199697
515.6144451609043
515.6163845945439
515.6183240208885
515.6202634399383
515.6222028516933
515.6241422561535
515.6260816533191
515.6280210431902
515.6299604257667
515.6318998010489
515.6338391690368
515.6357785297305
515.63771788313
515.6396572292355
515.6415965680469
515.6435358995645
515.6454752237883
515.6474145407183
515.6493538503547
515.6512931526976
515.653232447747
515.6551717355029
515.6571110159655
515.6590502891348
515.660989555011
515.6629288135942
515.6648680648844
515.6668073088817
515.6687465455861
515.6706857749979
515.6726249971169
515.6745642119434
515.6765034194774
515.6784426197189
515.6803818126681
515.682320998325
515.6842601766899
515.6861993477627
515.6881385115435
515.6900776680322
515.6920168172293
515.6939559591345
515.695895093748
515.69783422107
515.6997733411005
515.7017124538395
515.7036515592872
515.7055906574436
515.7075297483088
515.709468831883
515.7114079081662
515.7133469771584
515.7152860388597
515.7172250932704
515.7191641403903
515.7211031802195
515.7230422127583
515.7249812380066
515.7269202559646
515.7288592666323
515.7307982700098
