4.0
Current segment is :  0
5.0
6.0
7.0
8.0
Current segment is :  4
9.0
10.0
11.0
12.0
13.0
14.0
15.0
16.0
Current segment is :  12
17.0
18.0
19.0
20.0
21.0
22.0
23.0
24.0
25.0
26.0
27.0
28.0
29.0
30.0
31.0
32.0
Current segment is :  28
33.0
34.0
35.0
36.0
37.0
38.0
39.0
40.0
41.0
42.0
43.0
44.0
45.0
46.0
47.0
48.0
49.0
50.0
51.0
52.0
53.0
54.0
55.0
56.0
57.0
58.0
59.0
60.0
61.0
62.0
63.0
64.0
Current segment is :  60
65.0
66.0
67.0
68.0
69.0
70.0
71.0
72.0
73.0
74.0
75.0
76.0
77.0
78.0
79.0
80.0
81.0
82.0
83.0
84.0
85.0
86.0
87.0
88.0
89.0
90.0
91.0
92.0
93.0
94.0
95.0
96.0
97.0
98.0
99.0
100.0
30.0
30.033333333333335
30.06662967073622
30.099889135164098
30.133111848892693
30.16629793352327
30.19944750998783
30.232560698554252
30.265637618831395
30.298678389774143
30.331683129688393
30.36465195623601
30.397584986439725
9.119275495931918
9.228933330092767
9.337288214046614
9.444385690002818
9.550268701648406
9.654977797406874
9.758551313678302
9.861025540421192
9.962434871114121
10.062811938862838
10.162187740187116
10.260591747824707
10.35805201372136
10.454595263231528
10.55024698143022
Current segment is :  124
10.64503149232936
10.738972031699355
10.832090814116162
10.924409094784268
11.01594722662496
11.106724713065985
11.196760256922005
11.286071805714146
11.374676593740897
11.462591181180708
11.54983149047847
Current segment is :  135
11.63641284024313
11.722349976861523
11.807657104013833
11.892347910258541
11.976435594839092
12.059932891850476
12.14285209289145
12.225205068316837
12.307003287194297
12.388257836060838
12.468979436566206
12.549178462082876
Current segment is :  147
12.628864953355711
12.708048633258336
12.786738920717804
12.864944943864154
12.942675552456999
13.019939329637149
13.09674460304758
13.173099455364643
13.249011734277314
13.324489061949448
13.399538843997428
13.47416827801321
13.548384361660597
Current segment is :  160
13.6221939003706
13.695603514659881
13.768619647094614
13.841248568920559
13.913496386378691
13.98536904672444
14.056872343967369
14.128011924347009
14.198793291559523
14.269221811748944
14.339302718275789
14.40904111627512
14.47844198701526
14.547510192067769
Current segment is :  174
14.61625047729852
14.684667476689244
14.752765715998198
14.820549616268204
14.888023497189755
14.95519158032643
15.022057992209477
15.088626767307977
15.154901850880636
15.220887101714965
15.286586294759195
15.352003123652041
15.417141203155122
15.482004071492565
15.546595192602094
Current segment is :  189
15.610917958301677
15.674975690375543
15.73877164258324
15.802309002595146
15.865590893857732
15.928620377391631
15.991400453525491
16.053934063568352
16.116224091423227
16.17827336514437
16.24008465844063
16.301660692127143
16.363004135527543
16.424117607828684
16.485003679389894
16.545664873008565
Current segment is :  205
16.60610366514386
16.66632248710021
16.726323726172236
16.78610972675258
16.84568279140414
16.905045181898057
16.964199120218836
17.023146789537815
17.08189033515622
17.14043186541894
17.198773452600154
17.25691713376184
17.314864911586163
17.372618755182764
17.430180600871783
17.487552352943588
17.544735884395987
Current segment is :  222
17.601733037649765
17.658545625243327
17.71517543050716
17.77162420821883
17.827893685239257
17.883985561130796
17.939901508757895
17.995643174870825
18.051212180673097
18.106610122373137
18.161838571720725
18.216899076528705
18.27179316118049
18.326522327123797
18.38108805335108
18.435491796867105
18.48973499314408
18.54381905656472
Current segment is :  240
18.597745380853674
18.651515339497667
18.7051302861547
18.758591555052686
18.81190046137783
18.86505830165309
18.918066354106994
18.97092587903317
19.02363811914082
19.076204299896425
19.128625629856987
19.18090330099501
19.233038489015488
19.28503235366517
19.336886039034276
19.388600673850934
19.440177371768524
19.491617231646153
19.542921337822445
Current segment is :  259
19.594090760382862
19.645126555420717
19.696029765292078
19.746801418864727
19.797442531761355
5.939232759528406
6.107604675647653
6.27133498451771
6.430790666995004
6.586292540991982
6.738123027381126
6.88653230930376
7.031743273993346
7.173955519383258
7.313348633446776
7.450084901621742
7.584311559868592
7.716162683349776
7.845760780362147
7.973218145937578
Current segment is :  279
8.09863801802643
8.222115570396857
8.343738769613422
8.463589118193587
8.581742301912108
8.698268755960628
8.81323416207259
8.926699886642062
Current segment is :  287
9.038723368186053
9.149358461137314
9.258655741842578
9.366662781728584
9.47342439184555
9.578982842373826
9.683378060160038
9.786647806914454
9.888827840336468
Current segment is :  296
9.989952060127312
10.09005264058868
10.189160151284646
10.287303667055562
10.384510868511319
10.480808133992765
10.57622062387097
10.670772357951002
10.764486286657847
10.857384356604712
Current segment is :  306
10.949487571076592
11.040816045903261
11.13138906114438
11.221225108964381
11.310341938035132
11.398756594769527
11.486485461658294
11.573544292955123
11.659948247931016
11.74571192189736
11.830849375178136
Current segment is :  317
11.915374160194677
11.999299346811197
12.082637546075786
12.165400932479344
12.247601264844073
12.329249905943325
12.410357840945757
12.490935694768849
12.570993748419609
12.650541954393836
12.729589951199433
12.808147077063945
Current segment is :  329
12.886222382881657
12.963824644451226
13.040962374050801
13.117643831393996
13.193877034006704
13.269669767061782
13.345029592705838
13.419963858909833
13.494479707872875
13.568584084006517
13.642283741524851
13.715585251663962
13.788495009552614
Current segment is :  342
13.861019240754583
13.933164007501588
14.004935214634555
14.076338615269714
14.147379816204964
14.218064283080912
14.288397345310063
14.358384200786771
14.428029920389761
14.497339452288278
14.566317626062236
14.634969156646108
14.703298648105669
14.771310597256198
Current segment is :  356
14.839009397130175
14.906399340302082
14.973484622077429
15.04026934355272
15.106757514552708
15.172953056450874
15.238859804878784
15.304481512329616
15.369821850660868
15.434884413500983
15.49967271856437
15.564190209879026
15.628440259930796
15.692426171728012
15.756151180790132
Current segment is :  371
15.819618457063743
15.882831106769178
15.945792174180756
16.008504643343574
16.07097143972957
16.133195431835475
16.195179432725137
16.25692620151853
16.31843844482973
16.379718818155943
16.440769927219645
16.501594329265707
16.562194534315378
16.622573006378854
16.682732164628078
16.74267438453138
Current segment is :  387
16.802401998951446
16.861917299208063
16.92122253610701
16.980319920936395
17.039211626431708
17.097899787710766
17.15638650317969
17.214673835411023
5.164402150623307
5.358035405903263
5.544670977384975
5.725024330014679
5.8996960767804145
6.069196333570883
6.2339627944066685
6.394374403038217
6.550761867545278
Current segment is :  404
6.703415867220391
6.852593543170646
6.998523692638887
7.1414109705732045
7.281439321289973
7.4187748061955645
7.553567952789646
Current segment is :  411
7.685955720563773
7.81606315760306
7.944004805442389
8.069885897472306
8.193803386852574
8.31584683270881
8.436099167812758
8.55463736658304
Current segment is :  419
8.671533028800857
8.786852891699226
8.900659280895145
9.013010508870634
9.123961228279626
9.233562746192757
9.34186330443744
9.448908330404048
2.8346724991212144
Current segment is :  428
3.187446937900302
3.501177650750612
3.7867958340454844
Current segment is :  431
4.050871333181039
4.297731802880215
4.530412678715657
4.751143122257391
Current segment is :  435
4.961618785538373
5.163165910221692
5.356845527996566
5.543522555507194
5.723913270975025
Current segment is :  440
5.898618922975524
6.068150132409131
6.232945000396846
6.393382803062574
6.549794522930338
6.702471068201961
Current segment is :  446
6.851669772653551
6.997619597029385
7.140525336064488
7.28057105440251
7.417922917673635
7.552731544171686
7.685133972902478
Current segment is :  453
7.815255321928529
7.943210194649595
8.069103879380936
8.193033378238338
8.315088294144834
8.435351599190454
8.55390030320606
8.67080603796488
Current segment is :  461
8.786135569685637
8.899951250318912
9.012311416332649
9.123270742281788
9.232880555280705
9.341189115541246
9.44824186735164
9.554081664219616
9.658748971360714
Current segment is :  470
9.762282048259712
9.864717113652876
9.966088494958479
10.066428763912128
10.165768859933566
10.264138202555678
10.361564794079067
10.45807531347199
10.553695202411957
10.648448744258745
Current segment is :  480
10.742359136656432
10.835448558382026
10.927738230988743
11.019248475731265
11.10999876620728
11.20000777710309
11.289293429390257
11.377872932284268
11.465762822244503
11.552978999266752
11.639536760694646
Current segment is :  491
11.72545083275436
11.810735399997315
11.895404132818154
11.979470213199662
12.062946358822375
12.14584484566416
12.22817752920383
12.309955864332819
12.391190924069907
12.471893417165829
12.552073704677237
12.631741815582878
Current segment is :  503
12.710907461508793
12.789580050623945
12.867768700762714
12.945482251826212
13.02272927751032
13.099518096404601
13.17585678250287
13.251753175163115
13.327214888551667
13.40224932060386
13.476863661531144
13.551064901902407
13.624859840325263
Current segment is :  516
13.698255090751276
13.771257089427383
13.843872101514242
13.916106227390818
13.987965408663214
14.059455433894522
14.13058194407138
14.201350437821885
14.271766276398528
14.341834688439
14.411560774516824
14.48094951149306
14.55000575667963
14.618734251824103
Current segment is :  530
14.68713962692525
14.755226403888052
14.82299900002636
14.89046173142088
14.95761881613974
15.024474377328461
15.091032446175713
15.157296964760949
15.223271788789592
15.288960690221176
15.354367359795491
15.419495409461572
15.484348374714013
15.548929716840945
15.613242825087676
Current segment is :  545
15.677291018739874
15.74107754912989
15.804605601569685
15.867878297213586
15.930898694853994
15.993669792652954
16.056194529812363
16.118475788185464
16.18051639383212
16.242319118520264
16.303886681175758
16.365221749282835
16.42632694023717
16.487204822653503
16.547857917629674
16.608288699968856
Current segment is :  561
16.66849959936163
16.728493001529532
16.788271249331565
16.847836643835173
16.90719144535302
16.966337874446946
17.025278112900295
17.084014304659906
17.142548556748846
17.200882940151033
17.259019490668784
17.316960209754285
17.374707065315963
17.432261992500678
17.4896268944526
17.546803643049632
17.60379407961818
Current segment is :  578
17.660600015627043
17.71722323336116
17.773665486575933
17.829928501132795
17.88601397561669
17.94192358193609
17.997658965906112
18.05322174781538
18.108613522977116
18.163835862265056
18.21889031263462
18.273778397629926
18.328501617877013
18.383061451563833
18.437459354907343
18.491696762608196
18.545775088293382
18.59969572494724
Current segment is :  596
18.653460045331187
18.70706940239255
18.760525129662803
18.8138285416456
18.866980934194856
18.919983584883266
18.972837753361453
19.025544681708155
19.078105594771603
19.13052170050246
19.182794190278507
19.234924239221364
19.286913006505454
19.338761635659466
19.390471254860525
19.442042977221288
19.493477901070165
19.54477711022489
19.595941674259585
Current segment is :  615
19.646972648765576
19.697871075606052
19.74863798316483
19.79927438658933
19.84978128802797
19.900159676862064
19.95041052993249
20.00053481176116
20.05053347476751
20.100407459480106
20.150157694743537
20.199785097920678
20.24929057509048
20.298675021241404
20.34793932046062
20.397084346119037
20.446110961052376
20.495020017738263
20.54381235846955
20.592488815523915
Current segment is :  635
20.64105021132985
20.689497358629126
20.737831060635806
20.786052111191964
20.834161294920104
20.88215938737242
20.930047155176965
20.97782535618081
21.025494739590247
21.07305604610814
21.12051000806847
21.16785734956818
21.215098786596307
21.26223502716059
21.30926677141149
21.356194711763788
21.40301953301573
21.449741912465853
21.496362520027514
21.542882018341164
21.589301062884445
Current segment is :  656
21.63562030208016
6.490686090624048
6.644753008363996
6.795247691724125
6.942409361962856
7.086451573803453
7.22756592272481
7.365925089654829
7.501685362509689
7.634988740574248
7.765964703208711
7.894731706178326
8.021398455248141
8.146064996323124
8.26882365347248
8.389759840033921
8.508952763200593
8.62647603872338
8.74239822937355
8.856783318426128
8.96969112750841
9.081177686608887
Current segment is :  678
9.191295562781997
9.300094153053566
9.407619946184559
9.513916757250525
9.619025938412733
9.722986568772049
9.825835625790369
9.927608140422635
10.028337337813923
10.128054765171427
Current segment is :  688
10.226790408213052
10.324572797416698
10.421429105142108
3.1264287315426325
3.4462824962905603
3.736450235318443
4.004083934958705
4.253828949359936
4.488911274461529
1.3466733823384587
2.089243936650247
Current segment is :  699
2.567885986272912
2.9573113756187306
3.2954563569840354
Current segment is :  702
3.5989044660390097
3.8767668014903895
4.134713707044667
4.376568420781247
Current segment is :  706
4.6050579367343625
4.822210470695562
5.029584247945015
5.228407838663985
5.419670653436203
Current segment is :  711
5.60418371039954
5.782621829432705
5.955553767487196
6.123464265661059
6.2867705179091145
6.445834698341867
Current segment is :  717
6.600973644157098
6.752466447174901
6.90056048182477
7.045476246657768
7.187411293344552
7.326543445267733
7.463033456890596
Current segment is :  724
7.597027228428187
7.728657663588138
7.858046238361126
7.985304334033589
8.110534376392522
8.233830814529906
8.35528096604812
8.474965750325696
Current segment is :  732
8.592960327467388
8.70933465737131
8.824153990803817
8.937479302334209
9.049367673335956
9.159872631925108
9.269044455615612
9.376930441575487
9.483575148628681
Current segment is :  741
9.5890206145345
9.693306551565884
9.796470522980618
9.89854810262057
9.999573019571296
10.099577289557903
10.198591334535204
10.296644091744302
10.393763113348806
10.489974657627286
Current segment is :  751
10.585303772581144
10.67977437271548
10.773409309662723
10.866230437242374
10.958258671483813
11.04951404608108
11.140015763697763
11.22978224349564
11.318831165221544
11.407179510152478
11.494843599168522
Current segment is :  762
11.581839128196194
11.668181201241008
11.753884361206817
11.838962618680615
11.923429478844707
12.007297966663103
12.090580650475596
12.173289664120913
12.255436727699575
12.337033167077358
12.418089932221559
12.498617614454337
Current segment is :  774
12.578626462700365
12.658126398799535
12.7371270319497
12.81563767233914
12.89366734402363
12.971224797098724
13.048318519213822
13.124956746471035
13.201147473748584
13.276898464485456
13.35221725996129
13.427111188102996
13.501587371847274
Current segment is :  787
13.575652737086115
13.649314020220457
13.722577775345336
13.795450381088306
13.867938047121369
13.940046820365245
14.011782590903625
14.083151097623762
14.154157933598755
14.224808551225836
14.295108267134056
14.36506226687389
14.434675609400502
14.50395323136166
Current segment is :  801
14.572899951200615
14.641520473083606
14.709819390661078
14.777801190671136
14.84547025639326
14.912830870959803
14.979887220532394
15.04664339734989
15.113103402654204
15.179271149499924
15.245150465453309
15.310745095185961
15.376058702968146
15.44109487506646
15.505857122050303
Current segment is :  816
15.57034888101137
15.634573517700117
15.69853432858299
15.762234542823963
15.82567732419377
15.888865772910036
15.951802927411332
16.014491766068033
16.07693520883272
16.139136118832692
16.201097303907098
16.262821518090963
16.324311463048396
16.38556978945705
16.446599098345864
16.507401942387983
Current segment is :  832
16.567980827150713
16.628338212304204
16.68847651279054
16.74839809995481
16.808105302639625
16.867600408244595
16.926885663752024
16.985963276720216
17.044835416245594
17.103504213894816
17.161971764608055
17.220240127574495
17.2783113270811
17.336187353335625
17.393870163264857
17.451361681288947
17.508663800072732
Current segment is :  849
17.56577838125487
17.622707256155575
17.679452226463738
17.736015064904123
17.79239751588539
17.848601296129576
17.904628095283684
17.960479576514025
18.016157377083875
18.071663108915015
18.126998359133722
18.18216469060173
18.237163642432638
18.291996730494276
18.346665447897497
18.401171265471806
18.45551563222831
18.509699975810328
Current segment is :  867
18.563725702932153
18.617594199806252
18.671306832559328
18.724864947637602
18.77826987220162
18.83152291451093
18.884625364298962
18.93757849313839
18.990383554797265
19.043041785586258
19.095554404697186
19.14792261453319
19.200147601030732
19.252230533973723
19.304172567299958
19.355974839400133
19.40763847340964
19.459164577493354
19.51055424512362
Current segment is :  886
19.56180855535163
19.612928573072406
19.66391534928353
19.71476992133784
19.765493313190245
19.816086535638817
19.86655058656035
19.91688645114051
19.96709510209874
20.017177499908065
20.067134593009957
20.116967318024336
20.16667659995492
20.216263352389984
20.2657284776987
20.315072867223137
20.364297401466054
20.413402950274627
20.46239037302016
20.511260518773927
Current segment is :  906
20.560014226479247
20.608652325119863
20.65717563388475
20.705584962329425
20.75388111053385
20.802064869257052
20.850137020088475
20.898098335596213
20.945949579472153
20.993691506674157
21.0413248635653
21.08885038805029
21.136268809709094
21.18358084992788
21.230787222027306
21.277888631388258
21.32488577557506
21.37177934445623
21.41857002032288
21.46525847800475
21.51184538498398
Current segment is :  927
21.558331401506674
21.604717180692262
21.651003368640776
21.697190604538047
21.74327952075888
21.789270742968263
21.835164890220653
21.880962575057367
21.926664403602146
21.972270975654926
22.017782884783845
22.063200718415544
22.10852505792379
22.15375647871645
22.198895550320884
22.243942836467763
22.28889889517335
22.333764278820297
22.37853953423697
22.423225202775352
22.467821820387535
22.51232991770085
Current segment is :  949
22.556750020091663
22.60108264775785
22.645328315790003
22.689487534241376
22.73356080819659
22.77754863783916
22.821451518517847
22.865269940811828
22.909004390594777
22.952655349097824
22.996223292971443
23.03970869434627
23.0831120208929
23.126433735880678
23.169674298235456
23.21283416259644
23.25591377937203
23.29891359479476
23.34183405097532
23.38467558595565
23.427438633761223
23.47012362445239
23.51273098417495
Current segment is :  972
23.555261135209854
23.59771449602211
23.640091481308907
23.682392502046948
23.724617965539014
23.766768275459814
23.808843831901054
23.850845031415837
23.892772267062323
23.934625928446714
23.97640640176556
24.018114069847392
24.059749312193727
24.101312505019397
24.142804021292285
24.18422423077243
24.225573500050523
24.266852192585826
24.3080606687435
24.349199285831364
24.390268398136094
24.431268356958867
24.47219951065049
24.51306220464597
Current segment is :  996
24.55385678149857
24.594583580913376
24.635242939780344
24.675835192206854
24.716360669549797
24.756819700447174
24.79721261084923
24.83753972404914
24.87780136071325
24.917997838910843
24.95812947414353
24.998196579374152
25.038199465055317
25.078138439157495
25.118013807196718
7.535404142159015
7.668111025709588
7.798521239730643
7.926750678268986
8.052905775179184
8.1770845533641
8.299377528748414
8.419868492864225
8.538635193418692
8.655749928660077
Current segment is :  1021
8.771280068537259
8.885288513392076
8.9978340991086
9.108971956173454
9.218753828904138
9.327228360121648
9.434441345736483
9.540435963049134
9.64525297601092
Current segment is :  1030
9.748930920227327
9.851506270097246
9.953013590154013
10.05348567239745
10.15295366117129
10.251447166940393
10.348994370151358
10.44562211621374
10.54135600251313
10.636220458258823
Current segment is :  1040
10.730238817874858
10.82343338856178
10.915825512585641
11.007435624788977
11.098283305764552
11.18838733108535
11.277765716942769
11.366435762508415
11.45441408930268
11.541716677824768
11.628358901673609
Current segment is :  1051
11.714355559366732
11.799720904044221
11.884468671227195
3.5653406013681583
3.845818713225483
4.105841370185645
4.349396809823778
4.579313748591321
4.797687080252123
5.006120849122986
5.205876314509961
5.397966932800829
Current segment is :  1063
5.583221865342836
5.7623299187425
5.935870832591846
6.104338110301014
6.26815603485413
6.427692586662906
Current segment is :  1069
6.583269410930287
6.73516962001784
6.883643980192506
7.028915874392362
7.17118532502602
7.310632285978235
7.447419360048148
Current segment is :  1076
7.581694060001869
7.713590703692046
7.843232013221389
7.970730472825069
8.096189488583956
8.219704384253092
8.341363260686135
8.461247741045973
Current segment is :  1084
8.579433619843606
8.695991430569837
8.810986944075589
8.924481607766175
9.036532933988843
9.147194844624805
9.256517977780499
9.364549961556733
9.471335659118836
Current segment is :  1093
9.576917388664786
9.681335121366917
9.784626659926818
9.886827800016867
9.987972476573113
10.088092896642902
10.187219660268639
10.285381870699824
10.382607235063661
10.478922156485599
Current segment is :  1103
10.574351818531621
10.66892026274089
10.762650459927976
10.855564375856328
10.947683031817144
11.039026560588821
11.12961425820069
11.219464631879468
11.308595444517225
11.397023755964588
11.4847659614221
Current segment is :  1114
11.571837827175312
11.658254523894962
11.744030657702162
11.829180299179312
11.913717010490524
11.997653870760033
12.081003499843527
12.163778080615145
12.245989379881912
12.32764876802762
12.408767237479276
12.489355420081301
Current segment is :  1126
12.569423603455451
12.648981746417958
12.728039493519473
12.806606188768113
12.884690888591008
12.96230237408543
13.039449162606521
13.11613951873504
13.192381464665212
13.268182790049748
13.343551061336298
13.418493630627133
13.493017644091472
Current segment is :  1139
4.0479052932274415
4.294946646115095
4.527778409206851
4.748637274112118
4.9592240050573615
5.160868455677098
5.354634293459685
5.541388410584253
5.721848599602941
5.896617292376356
6.066206049864973
6.231053730899853
6.391540230164173
6.547997040884163
Current segment is :  1153
6.700715497193205
6.849953291339051
6.995939688248411
7.138879742703107
7.2789577431796015
7.416340049174853
7.5511774478606455
Current segment is :  1160
7.683607126133312
7.813754332202558
7.941733784522774
8.067650873552987
8.191602692449631
8.31367892558063
8.4339626181494
8.552530845834932
Current segment is :  1168
8.669455299897205
8.784802800450308
8.898635748407743
2.669590724522323
3.0441799792774438
3.3726756683652344
3.669176161839814
3.941716905563216
4.195413460632564
Current segment is :  1177
4.433768990876114
4.659310736974708
4.873934756803294
5.079107794584349
5.275992767387301
Current segment is :  1182
5.465530555646098
5.648495409619326
5.825533705215178
5.997191797091768
6.1639365059211455
6.326170493737112
Current segment is :  1188
6.484244007720018
6.638463990621559
6.789101246681506
6.93639614826937
7.080563231380605
7.221794933905069
7.360264664650977
Current segment is :  1195
7.496129344192011
7.629531524715323
7.760601171227769
7.8894571680682555
8.016208600859779
8.140955853556365
8.263791552212457
8.384801380894821
Current segment is :  1203
8.504064790315413
8.621655615956678
8.737642619444642
8.852089964518543
8.965057637012638
9.076601816703292
9.186775207603809
9.295627332250584
9.40320479466999
Current segment is :  1212
9.509551516009807
9.614708946233142
9.718716254784253
9.821610502726488
9.923426798508366
10.024198439223277
10.12395703898195
10.222732645807378
10.320553848283032
10.417447873032136
Current segment is :  1222
10.513440673974172
10.60855701419146
10.70282054114072
10.796253855859591
10.88887857674435
10.98071539841079
11.07178414609409
11.162103825994352
11.25169267193137
11.340568188634258
11.428747191958115
Current segment is :  1233
11.516245846290381
11.60307969938341
11.689263714826582
11.774812302350671
11.859739346138907
11.944058231302733
12.027781868665722
12.110922717986007
12.193492809735902
12.275503765546821
12.356966817418195
12.437892825780573
Current segment is :  1245
12.518292296495359
12.598175396866802
12.677551970735482
12.756431552716954
12.834823381643988
12.912736413266236
12.99017933225687
13.067160563571885
13.143688283204241
13.21977042837181
13.295414707175157
13.370628607758515
13.445419407004838
Current segment is :  1258
13.519794178793587
13.59375980184786
13.667322967195542
13.74049018526745
13.813267792653845
13.885661958539185
13.957678690833681
14.029323842018938
14.100603114723793
14.171522067045471
14.242086117630087
14.312300550525709
14.382170519820287
14.45170105407601
Current segment is :  1272
14.520897060570896
14.589763329357783
14.65830453715022
14.726525251044217
14.79442993208424
14.86202293868136
14.929308529890973
14.996290868557082
15.062974024329735
15.129361976561798
15.195458617090935
15.261267752912296
15.326793108747113
15.392038329512133
15.457006982694514
Current segment is :  1287
15.521702560636582
15.586128482734589
15.650288097555405
15.714184684874855
15.777821457641215
15.841201563867205
15.904328088453632
15.967204054947683
16.029832427238706
16.092216111194176
16.1543579562384
16.216260756876405
16.277927254165306
16.339360137135348
16.400562044162736
16.46153556429621
Current segment is :  1303
16.522283238539245
16.58280756108974
16.643110980538836
16.703195901030522
16.76306468338362
16.822719646177582
16.88216306680352
16.941397182481882
17.000424191247962
17.059246252906565
17.117865489956948
17.176283988489182
17.23450379905299
17.292526937500117
17.350355385801183
17.40799109283796
17.465435975171996
Current segment is :  1320
17.522691917790407
17.5797607748297
17.636644370278383
17.69334449865911
17.749862925691136
17.806201388933722
17.862361598411162
17.918345237220095
17.97415396211969
18.029789404105305
18.085253168966158
18.140546837827593
18.195671967678404
18.25063009188378
18.30542272068429
18.360051341681395
18.41451742030993
18.468822400298006
Current segment is :  1338
18.522967704114663
18.576954733405756
18.630784869418402
18.684459473414364
18.737979887072726
18.79134743288218
18.84456341452329
18.897629117240992
18.950545808207675
19.0033147368771
19.055937135329486
19.108414218607958
19.160747185046702
19.212937216591005
19.264985479109473
19.316893122698634
19.368661281980156
19.420291076390903
19.471783610466034
Current segment is :  1357
19.523139974115356
19.574361242893115
19.625448478261426
19.676402727847503
19.7272250256949
5.918167507708469
6.087138730421833
1.8261416191265498
2.373744274652414
2.7950196456678658
3.1527988840177454
3.469977377409515
3.758163694274365
4.0242510926289174
4.272744533267268
4.506786141000676
4.728673749756383
4.94014953618625
5.142572558541154
5.337027763327546
Current segment is :  1377
5.524397970930985
5.705413170281563
5.88068531449871
6.050733522576521
6.216002740972736
6.376877830909313
Current segment is :  1383
6.533694383855162
6.686747150215188
6.836296696135706
6.982574724203924
7.12578837239213
7.266123721653183
7.403748683504573
Current segment is :  1390
7.538815396699199
7.6714622314310645
7.801815476983504
7.929990771945317
8.056094323482576
8.180223952536833
8.30246999443033
8.422916078628267
Current segment is :  1398
8.541639806926751
8.658713345802632
8.774203945856364
8.888174399036023
9.00068344252514
9.111786116714896
9.2215340834901
9.329975910082746
9.437157322943557
Current segment is :  1407
9.543121435417216
9.647908952454223
9.751558355130813
9.854106067361222
9.95558660686061
10.056032722141339
10.1554755170915
10.253944564485392
10.351468009605576
10.448072665010205
Current segment is :  1417
10.543784097353983
10.63862670706286
10.732623801569062
10.825797662731866
10.918169608998932
11.009760052801507
11.100588553622972
11.190673867133095
11.280033990738966
11.36868620586713
11.45664711725933
Current segment is :  1428
11.543932689535838
11.63055828125524
11.716538676677159
11.801888115414608
11.886620320144958
11.97074852253275
12.05428548750346
12.137243535994736
12.219634566300288
12.301470074111448
12.382761171352298
12.463518603895979
Current segment is :  1440
12.543752768242427
12.623473727231012
12.702691224855522
12.781414700243422
12.859653300856307
12.937415894963989
13.01471108344048
13.091547210926427
13.167932376399106
13.24387444318799
13.319381048471033
13.394459612284237
13.469117346074624
Current segment is :  1453
13.543361260824645
13.617198174773959
13.69063472076273
13.763677353218874
13.836332354810155
13.908605842780567
13.98050377498914
14.052031955668078
14.12319604091602
14.19400154394118
14.264453840068121
14.33455817152111
14.404319651996087
14.473743271032577
Current segment is :  1467
14.542833898196136
14.611596287081293
14.680035079144288
14.748154807374412
14.815959899812144
14.883454682921856
14.950643384826359
15.017530138410148
15.084118984297817
15.150413873713697
15.216418671228505
15.282137157398369
15.347573031301376
15.412729912976447
15.477611345769095
Current segment is :  1482
15.5422207985884
15.606561668079253
15.670637280713736
15.734450894805278
15.798005702449068
15.861304831391967
15.924351346835063
15.98714825317177
16.049698495664305
16.112004962061174
16.17407048415819
16.235897839305395
16.297489751862216
16.35884889460294
16.419977890074616
16.480879311909323
Current segment is :  1498
16.54155568609267
16.60200949219029
16.662243164534015
16.722259093369367
16.782059625965857
16.84164706769159
16.901023683053538
16.960191696704847
17.019153294420413
17.077910624041966
17.1364657963938
17.194820886170273
17.252977932796114
17.310938941260577
17.368705882926374
17.426280696314343
17.483665287864707
Current segment is :  1515
17.540861532675805
17.59787127522107
17.654696330045063
17.711338482439277
17.767799489098458
17.824081078758088
17.880184952813718
17.936112785922774
17.99186622658941
18.047446897733025
18.10285639724099
18.1580962985061
18.213168150949258
18.26807348052795
18.32281379023088
18.37739056055931
18.431805249995477
18.486059295458563
Current segment is :  1533
18.540154112748567
18.59409109697851
18.64787162299532
18.701497045789786
18.754968700895873
18.808287904779814
18.86145595521921
18.914474131672513
18.967343695639162
19.020065891010667
19.07264194441291
19.125073065539944
19.17736044747951
19.2295052670306
19.2815086850132
19.333371846570536
19.385095881463982
19.436681904360892
19.488131015115524
Current segment is :  1552
19.539444299043282
19.590622827188476
19.641667656585742
19.692579830515367
19.743360378752648
19.79401031781146
19.844530651182215
19.89492236956435
19.945186451093505
19.99532386156355
20.04533555464356
20.095222472089965
20.144985543953883
20.194625688783876
20.244143813824213
20.293540815208736
20.3428175781505
20.39197497712723
20.4410138760628
20.489935128504737
Current segment is :  1572
20.538739577797934
20.587428057254627
20.636001390320757
20.684460390738785
20.732805862707092
20.781038601036002
20.829159391300553
20.877169009990094
20.92506822465476
20.972857794048934
21.020538468271774
21.068110988904838
21.115576089146934
21.162934493946224
21.210186920129658
21.25733407652982
21.30437666410923
21.351315376082187
21.39815089803416
21.444883908038864
21.491515076773013
Current segment is :  1593
21.538045067628833
21.58447453682439
21.630804133511766
21.677034499883156
21.72316627127492
21.76920007626965
21.815136536796288
21.860976268228328
21.90671987948019
21.952367973101758
21.99792114537116
22.043379986385798
22.08874508015171
22.13401700467125
22.17919633202918
22.224283628477153
22.269279454516678
22.314184364980548
22.358998909112817
22.403723630647306
22.448359067884713
22.492905753768344
Current segment is :  1615
22.537364215958473
22.581734976905395
22.626018553921188
22.670215459250194
22.714326200138277
22.758351278900857
22.80229119298976
22.846146435058916
22.889917493028914
22.93360485015043
22.977208985066596
23.020730371874276
23.06416948018431
23.10752677518074
23.150802717679014
23.193997764183226
23.237112366942405
23.28014697400583
23.323102029277457
23.36597797256942
23.408775239654666
23.451494262318697
23.494135468410487
Current segment is :  1638
23.53669928189256
23.579186122890242
23.621596407740117
23.663930549037712
23.70618895568439
23.748372032933514
23.790480182435857
23.832513802284282
23.874473287057732
23.91635902786451
23.958171412384868
23.99991082491295
24.04157764639805
24.083172254485252
24.124695023555418
24.166146324764558
24.2075265260826
24.248835992331557
24.29007508522312
24.331244163395642
24.372343582450604
24.41337369498849
24.45433485064414
24.49522739612156
Current segment is :  1662
24.536051675228205
24.57680802890876
24.61749679527841
24.658118309655606
24.69867290459436
24.739160909916055
24.779582652740775
24.819938457518198
24.86022864605801
24.90045353755991
24.940613448643116
24.980708693375536
25.02073958330242
25.060706427474656
25.100609532476664
25.140449202453848
25.18022573913969
25.21993944188246
25.259590607671516
25.299179531163265
25.338706504706742
25.378171818368838
25.417575759959153
25.456918615054537
25.496200667023256
Current segment is :  1687
25.53542219704884
25.574583484153607
25.61368480522183
25.652726435022636
25.69170864623254
25.730631709457715
25.769495893255908
25.80830146415812
25.847048686689938
25.88573782339261
25.924369134843825
25.962942879678216
26.001459314607583
26.03991869444086
26.078321272103803
26.116667298658424
26.154957023322158
26.193190693486798
26.231368554737152
26.269490850869484
26.30755782390969
26.34556971413126
26.383526760072975
26.42142919855642
26.45927726470322
26.497071191952095
Current segment is :  1713
26.534811212075667
26.57249755519707
26.61013044980635
26.64771012277662
26.68523679938007
26.72271070330373
26.760132056665025
26.797501080027185
26.83481799241441
26.872083011326882
26.90929635275555
26.946458231196775
26.983568859666764
27.02062844971583
27.057637211442483
27.094595353507344
27.131503083146885
27.168360606186997
27.20516812705641
27.24192584879993
27.27863397309152
27.315292700247227
27.351902229237957
27.388462757702083
27.424974481957904
27.461437597015966
27.497852296591223
Current segment is :  1740
27.53421877311506
27.57053721774718
27.606807820387317
27.643030769686856
27.679206253060286
27.715334456696525
27.751415565570113
27.78744976345228
27.82343723292187
27.85937815537615
27.895272711041493
27.931121078983928
27.96692343711958
28.002679962224974
28.03839082994724
28.07405621481419
28.10967629024427
28.145251228556422
28.180781200979812
28.21626637766346
28.251706927685753
28.287103019063863
28.322454818763042
28.35776249270582
28.393026205781112
28.428246121853192
28.463422403770608
28.498555213374964
Current segment is :  1768
28.533644711509616
28.56869105802828
28.603694411803527
28.638654930735214
28.673572771758774
28.70844809085347
28.743281043050512
28.778071782441128
28.812820462184504
28.847527234515677
28.88219225075331
28.9168156613074
28.951397615686908
28.985938262507293
29.020437749497972
29.054896223509697
29.089313830521863
29.12369071564972
29.158027023151522
29.19232289643561
29.226578478067385
29.260793909776247
29.294969332462433
29.3291048862038
29.36320071026253
29.397256943091755
29.43127372234214
29.465251184868368
29.499189466735572
Current segment is :  1797
29.5330887032257
29.56694902884382
29.600770577324337
29.634553481637173
29.668297873993875
29.702003885853646
29.73567164792933
29.769301290193344
29.802892941883517
29.836446731508907
29.869962786855535
29.90344123499207
29.936882202275456
29.970285814356476
30.003652196185275
30.036981472016805
30.070273765416246
30.103529199264344
30.136747895762706
30.169929976439057
30.203075562152414
30.236184773098238
30.26925772881353
30.30229454818185
30.335295349438336
30.368260250174618
30.401189367343726
30.434082817264937
30.466940715628567
30.499763177500725
Current segment is :  1827
30.532550317328017
30.56530224894221
30.598019085564843
9.179405725669453
9.288345239825972
9.396007043320557
9.502435230888901
9.607671412530989
9.711754905508874
9.814722907659831
9.916610654202278
10.017451559918007
10.117277348345196
10.21611816940498
10.314002706703578
10.410958275597316
10.507010912974986
10.60218545959748
10.696505635735766
10.78999411076252
10.882672567278316
10.974561760288383
11.065681571889291
11.15605106187537
11.245688514631157
11.33461148263787
11.422836826888247
11.510380754474264
11.59725885358591
11.683486126135818
11.769077018203813
Current segment is :  1858
11.854045448476914
11.93840483484391
12.02216811928886
12.105347791214722
12.18795590931652
12.270004122112859
12.351503687235075
12.432465489564736
12.512900058302478
12.592817583044193
12.672227928934255
3.8016683786802763
Current segment is :  1870
4.064710785432005
4.310730749160793
4.5427099791775785
4.762842896441437
Current segment is :  1874
4.9728015328573365
5.17389542196443
5.367173391162408
5.553491202628422
5.733558112525877
Current segment is :  1879
5.907969879246326
6.077232759802442
6.241781336354331
6.401992011178142
6.558193393225161
6.710674410487176
Current segment is :  1885
6.859690729687112
7.005469896621306
7.148215496096695
7.288110551099731
7.425320324879728
2.2275960974639184
2.676510512935594
Current segment is :  1892
3.050131313290008
3.3779860504427357
3.674020428639453
Current segment is :  1895
3.9462018221354915
4.199610047328305
4.4377273936367265
4.663067959042773
Current segment is :  1899
4.877519047635802
5.08254131207672
5.279293278976405
5.468712571892423
5.6515709662318345
Current segment is :  1904
5.828512918473964
6.000083268233405
6.166747621925688
6.3289076552704175
6.4869128047320705
6.6410693396049485
Current segment is :  1910
6.79164749936551
6.938887178705968
7.083002506458924
7.224185570998024
7.3626094791565535
7.498430889056261
7.631792123532593
Current segment is :  1917
7.762822946151111
7.891642063492414
8.018358403634867
8.143072210334587
8.265875984410282
8.386855297659844
8.50608949981414
8.623652335241847
Current segment is :  1925
8.739612483114849
8.85403403234624
8.966976900687012
9.078497205810512
9.1886475949476
9.29747753860001
9.405033593008136
9.511359635346084
9.616497075032814
Current segment is :  1934
9.720485044061192
9.82336056883873
9.92515872569069
10.025912781886442
10.125654323804367
10.22441337364168
10.3222184958972
10.419096894702406
10.515074502944868
10.610176064015114
Current segment is :  1944
10.704425206910258
10.79784451534304
10.890455591431335
10.982279114479057
11.073334895303422
11.163641926514419
11.253218429109413
11.342081895707842
11.430249130717707
11.51773628769599
11.604558904139143
Current segment is :  1955
11.690731933916545
11.776269777539394
11.861186310439079
11.94549490941285
12.029208477379969
12.112339466578504
12.194899900321241
12.276901393418667
12.358355171367561
12.43927208839523
12.519662644441746
12.59953700115566
Current segment is :  1967
12.678904996972355
12.757776161338583
12.836159728141583
12.914064648396481
12.991499602241486
13.068473010286503
13.14499304435727
13.221067637673944
13.296704494500124
13.371911099295593
13.446694725403658
13.521062443301707
13.595021128441527
Current segment is :  1980
13.668577468704061
13.74173797149154
13.81450897047832
13.886896632040306
13.958906961381476
14.030545808374768
14.101818873133453
14.172731711328048
14.243289739262826
14.313498238725096
14.383362361619561
14.452887134399283
14.522077462304074
14.590938133416438
Current segment is :  1994
14.659473822544594
14.727689094941487
14.79558840986819
14.863176124009591
14.930456494749775
14.99743368331408
