4.0
Current segment is :  0
5.5
7.0
8.5
10.0
Current segment is :  4
11.5
13.0
14.5
16.0
17.5
19.0
20.5
22.0
23.5
25.0
Current segment is :  14
26.5
28.0
29.5
31.0
32.5
34.0
35.5
37.0
38.5
40.0
41.5
43.0
44.5
46.0
47.5
49.0
50.5
52.0
53.5
55.0
56.5
58.0
59.5
61.0
62.5
Current segment is :  39
64.0
65.5
67.0
68.5
70.0
71.5
73.0
74.5
76.0
77.5
79.0
80.5
82.0
83.5
85.0
86.5
88.0
89.5
91.0
92.5
94.0
95.5
97.0
98.5
100.0
101.5
103.0
104.5
106.0
107.5
109.0
110.5
112.0
113.5
115.0
116.5
118.0
119.5
121.0
122.5
124.0
125.5
127.0
128.5
130.0
131.5
133.0
134.5
136.0
137.5
139.0
140.5
142.0
143.5
145.0
146.5
148.0
149.5
151.0
152.5
45.75
45.771857923497265
45.7937054089472
Current segment is :  102
45.81554247129168
45.83736912543697
45.85918538625385
45.880991268577695
45.902786787208626
45.92457195691163
45.94634679241664
45.968111308418706
45.98986551957806
13.796959655873417
13.86943939234741
13.94154035992882
14.013268445504947
14.084629384880998
14.15562876815717
14.226272044862016
14.296564528855471
14.36651140301406
14.436117723709994
14.505388425095145
14.574328323200179
14.642942119858523
14.71123440646422
14.779209667572193
14.846872284348931
14.914226537881115
14.98127661234928
15.048026598073173
15.114480494435108
15.18064221268723
15.246515578648273
15.312104335295098
15.37741214525398
15.44244259319633
15.507199188143336
15.571685365683674
15.635904490108302
15.699859856466073
15.763554692543742
15.826992160773734
15.890175360072869
15.95310732761507
16.01579104054095
16.078229417606977
16.14042532077682
16.20238155675734
Current segment is :  148
16.264100878481557
16.32558598654081
16.386839530568228
16.44786411057553
16.508662278245033
16.56923653817873
16.629589349106123
16.689723125052534
16.749640236469375
16.809343011327947
16.868833736178175
16.92811465717364
16.987187981064213
17.046055876157546
17.104720473250573
17.163183866532204
17.221448114458255
Current segment is :  165
17.279515240599665
17.337387234465
17.39506605229818
17.452553617852313
17.50985182314057
17.566962529164844
17.623887566623072
17.680628736595914
17.73718781121356
17.79356653430335
17.84976662201888
17.905789763451242
17.961637621222987
18.017311832065456
18.072814007379993
18.12814573378362
18.18330857363968
18.238304065573953
Current segment is :  183
18.293133724976745
18.347799044491392
18.402301494489624
18.45664252353425
18.510823558829532
18.564846006659682
18.618711252815846
18.672420663011934
18.72597558328967
18.779377340413202
18.832627242253558
18.885726578163332
18.93867661934185
18.991478619191128
19.0441338136629
19.096643421597
19.149008645051353
19.201230669623808
19.253310664766097
Current segment is :  202
19.305249784090133
19.357049165666854
19.408709932317883
19.460233191900162
19.51162003758381
19.562871548123365
19.61398878812262
19.66497280829324
19.71582464570734
19.766545324044156
19.817135853831047
5.945140756149314
6.113345352308902
6.276921911847178
6.436235666908011
6.591605987659552
6.743314084574347
6.891609119843066
7.036713112627667
7.178824917385695
Current segment is :  222
7.318123481079343
7.454770533098273
7.588912824341192
7.720684004633649
7.850206207510991
7.977591396328478
8.10294251426869
8.226354472114753
Current segment is :  230
8.347915000947998
8.467705391708618
8.585801139463278
8.702272506986999
8.817185019689527
8.930599901850547
9.042574462461284
9.153162437617178
9.262414295301934
Current segment is :  239
9.370377507496752
9.477096793800847
9.582614340129393
9.686969995538822
9.790201449797536
9.89234439395735
9.99343266587506
10.09349838237453
10.192572059519634
10.29068272228076
Current segment is :  249
10.387858004717062
10.484124241658876
10.579506552756113
10.67402891965606
10.767714256985295
10.860584477733516
10.95266055356997
11.04396257056474
11.134509780735959
11.224320649799106
11.313412901455147
Current segment is :  260
11.401803558519504
11.48950898116317
11.576544902510154
11.662926461811423
11.748668235394096
11.833784265565702
11.918288087636368
12.002192755206652
12.085510863855273
12.168254573348824
12.25043562848472
12.332065378668853
Current segment is :  272
12.413154796320638
12.493714494190225
12.573754741665468
12.653285480139816
12.732316337506433
12.810856641838507
12.88891543431099
12.96650148141453
13.043623286508476
13.120289100756143
13.196506933482281
13.272284561989624
13.347629540868684
Current segment is :  285
13.422549210832413
13.497050707105041
13.571140967392319
13.644826739458406
13.718114588332893
13.79101090316981
13.86352190377892
13.935653646848293
14.007412031875763
14.078802806825793
14.14983157352712
14.22050379282554
14.290824789505313
14.36079975699175
Current segment is :  299
14.430433761846746
14.499731748068335
14.568698541204576
14.637338852291506
14.705657281624271
14.773658322369968
14.841346364030294
14.908725695761518
14.975800509558937
15.042574903312493
15.109052883739887
15.175238369203122
15.241135192414111
15.306747103034635
15.372077770175647
Current segment is :  314
15.437130784800654
15.501909662037647
15.566417843403771
15.630658698946766
15.694635529306922
15.758351567703142
15.821809981846505
15.885013875784516
15.947966291679123
16.01067021152135
16.073128558785314
16.135344200024207
16.197319946410733
16.25905855522432
16.320562731287374
16.381835128352638
Current segment is :  330
16.44287835044375
16.50369495315084
16.564287444883067
16.62465828807976
16.684809900381893
16.744744655765416
16.804464885637998
16.86397287990056
16.923270887975033
16.982361119799577
17.041245746792587
17.09992690278661
17.158406684933343
17.2166871545808
17.274770338123687
17.332658227827963
17.390352782630554
Current segment is :  347
17.447855928915132
17.50516956126481
17.56229554319262
17.619235707850514
17.67599185871774
17.732565770269233
17.788959188624776
17.845173832179608
17.901211392217085
17.957073533504058
18.012761894869524
18.068278089767144
18.123623706822173
18.178800310363304
18.233809440939975
18.288652615825566
18.343331329507002
18.397847054161193
Current segment is :  365
18.45220124011872
18.50639531631521
18.5604306907308
18.614308750818026
18.668030863918574
18.721598377669196
18.775012620397145
18.828274901505473
18.881386511848493
18.93434872409771
18.987162793098527
19.039829956217993
19.092351433683888
19.14472842891538
19.19696212884552
19.24905370423585
19.301004309983284
19.352815085419603
19.404487154603657
Current segment is :  384
19.45602162660658
19.507419595790193
19.558682142078776
19.609810331224434
19.66080521506621
19.71166783178313
19.7623992061414
19.81300034973581
19.86347226122565
19.91381592656517
19.964032319228817
20.014122400431344
20.064087119342947
20.113927413299603
20.163644208008666
20.21323841774992
20.262710945572174
20.312062683485532
20.361294512649444
20.41040730355666
Current segment is :  404
20.459401916213203
20.508279200314433
20.55703999541735
20.605685131109208
20.654215427172513
20.70263169374657
20.75093473148559
20.799125331713476
20.847204276575415
20.895172339186267
20.94303028377592
20.990778865831626
21.038418832237436
21.085950921410777
21.133375863436257
21.18069438019676
21.227907185501902
21.27501498521392
21.322018477371035
21.36891835230836
21.41571529277643
Current segment is :  425
21.46240997405739
21.50900306407891
21.555495223525856
21.601887105949814
21.64817935787648
21.694372618910975
21.74046752184116
21.786464692738953
21.832364751059718
21.878168309739795
21.923875975292162
21.969488347900317
22.015006021510388
22.06042958392154
22.1057596168747
22.15099669613963
22.19614139160041
22.241194267339363
22.286155881719417
22.331026787465
22.375807531741447
22.420498656232997
Current segment is :  447
22.46510069721936
22.509614185650943
22.554039647222712
22.59837760244676
22.64262856672358
22.68679305041209
22.73087155889841
22.774864592663477
22.818772647349437
22.86259621382492
22.906335778249158
22.94999182213504
22.993564822411034
23.037055251482098
23.080463577289525
23.12379026336978
23.16703576891236
23.210200548816655
23.25328505374787
23.29628973019202
23.339215020509986
23.382061362990708
23.424829191903466
Current segment is :  470
23.467518937549322
23.510131026311715
23.552665880706225
23.595123919429525
23.637505557407554
23.679811205842892
23.72204127226138
23.764196160558
23.806276271042012
23.84828200048137
23.890213742146443
23.932071885853038
23.973856818004737
24.015568921634596
24.057208576446154
24.098776158853827
24.140272042022673
24.181696595907535
24.223050187291577
24.264333179824227
24.305545934058557
24.34668880748806
24.3877621545829
24.42876632682558
Current segment is :  494
24.469701672746094
24.510568537956544
24.551367265185227
24.592098194310225
24.63276166239248
24.67335800370839
24.71388754978192
24.75435062941622
24.794747568724805
24.83507869116226
24.87534431755449
24.915544766128555
24.95568035254204
24.99575138991202
25.0357581888436
25.075701057458048
25.115580301420504
25.155396223967333
25.195149125933046
25.23483930577686
25.27446705960888
25.314032681215917
25.353536462086915
25.39297869143805
25.432359656237473
Current segment is :  519
25.47167964122969
25.510938928959636
25.550137799796367
25.58927653195647
25.628355401527138
25.667374682488898
25.706334646738075
25.745235564108917
25.784077702395432
25.822861327372916
25.861586702819206
25.900254090535636
25.938863750367716
25.977415940225523
26.01591091610384
26.054348932102005
26.092730240443505
26.131055091495313
26.169323733786968
26.207536414029402
26.245693377133524
26.28379486622854
26.321841122680073
26.359832386108007
26.39776889440413
26.435650883749524
Current segment is :  545
26.47347858863175
26.511252241861794
7.953375672558538
8.079108448321954
8.20288448207574
8.324792818367092
8.444915927952916
8.563330369083108
8.680107365520193
8.795313313775198
8.909010229885487
9.021256144324498
9.13210545222594
9.241609224957369
9.349815488137104
9.45676947041288
9.562513826678375
9.667088838869217
9.770532597033435
9.872881162996322
9.974168718623753
10.074427700420681
10.173688921974561
10.271981685560055
10.369333884056063
10.465772094184256
10.561321661956297
Current segment is :  572
10.656006781111618
10.749850565236507
10.842875114176179
10.93510157528266
11.026550199981344
11.117240396086531
11.2071907762503
11.296419202888593
11.384942829892829
11.472778141403955
11.55994098789805
Current segment is :  583
11.646446619808014
11.732309718884022
11.817544427476006
11.902164375904123
11.986182708067682
12.069612105429272
12.152464809498376
12.234752642927722
12.31648702932564
12.397679011878699
12.478339270870874
12.558478140178137
Current segment is :  595
12.638105622810823
12.717231405570153
12.79586487287987
12.874015119849064
12.95169096461782
13.028900960033234
13.105653404699714
13.181956353444063
13.257817627232814
13.33324482257648
13.408245320452792
13.482826294778688
13.55699472045864
Current segment is :  608
13.630757381034948
13.704120875963802
13.77709162753926
13.849675887485756
13.921879743238335
13.993709123928518
14.06516980609248
14.136267419117162
14.207007450438843
14.277395250507823
14.347436037531942
14.417134902010869
14.486496811072323
14.555526612620733
Current segment is :  622
14.624229039308128
14.692608712336506
14.76067014510034
14.828417746677355
14.89585582517525
14.962988590941546
15.029820159643362
15.096354555223497
15.162595712738838
15.228547481086776
15.294213625624984
15.359597830689605
15.424703702016648
15.489534769071069
15.554094487287832
Current segment is :  637
15.61838624022898
15.682413341660514
15.746179037552707
15.809686508007294
15.87293886911474
15.935939174744707
15.998690418272593
16.061195534244952
16.123457399986382
16.185478837150402
16.24726261321668
16.308811442936864
16.37012798973115
16.431214867037625
16.492074639616344
16.552709824809956
Current segment is :  653
16.61312289376264
16.673316272599045
16.73329234356481
16.793053446130173
16.852601878058163
16.911939896438696
16.971069718689932
17.02999352352816
17.08871345190737
17.147231607929722
17.205550059727944
17.26367084032075
17.321595948442276
17.37932734934647
17.436866975587392
17.494216727776248
17.551378475316067
Current segment is :  670
17.60835405711475
17.665145282277326
17.721753930778124
17.77818175411356
17.83443047593623
17.890501792670975
17.946397374113506
18.00211886401222
18.057667880633765
18.113046017312893
18.16825484298717
18.22329590271702
18.278170718191586
18.332880788220898
18.3874275892148
18.44181257564904
18.496037180518975
18.550102815781283
Current segment is :  688
18.604010872784034
18.657762722685547
18.711359716862354
18.76480318730661
18.81809444701332
18.871234790357633
18.9242254934626
18.977067814557614
19.029762994327847
19.08231225625497
19.134716806949406
19.18697783647438
19.239096518661995
19.291074011421596
19.34291145704064
19.394609982478286
19.446170699651947
19.497594705716953
19.548883083339593
Current segment is :  707
19.600036900963694
19.651057213070903
19.701945060434905
19.752701470369686
19.803327456972077
19.853824021358683
19.904192151897373
19.954432824433518
20.00454700251106
20.0545356375886
20.10439966925063
20.154140025414037
20.203757622530016
20.253253365781504
20.302628149276266
20.35188285623575
20.401018359179822
20.45003552010748
20.498935190673663
20.54771821236227
Current segment is :  727
20.596385416655462
20.64493762519936
20.693375649966235
20.741700293413263
20.78991234863795
20.838012599530327
20.886001820921937
20.93388077873177
20.981650230109175
21.02931092357384
21.076863599152905
21.124308988515303
21.171647815103366
21.21888079426178
21.266008633363946
21.31303203193584
21.359951681777382
21.406768267081418
21.453482464550344
21.500094943510458
21.54660636602405
Current segment is :  748
21.593017386999346
21.639328654298286
21.685540808842248
21.731654484715726
21.777670309268032
21.82358890321306
21.869410880727163
21.915136849545156
21.96076741105455
22.006303160388
22.051744686514027
22.097092572326055
22.14234739472981
22.187509724729114
22.232580127510072
22.277559162523765
22.3224473835674
22.367245338864013
22.411953571140717
22.456572617705568
22.501103010523018
22.54554527628805
Current segment is :  770
22.589899936498984
22.634167507529003
22.678348500696405
22.722443422333637
22.766452773855097
22.810377051823792
22.854216748016803
22.89797234948964
22.941644338639467
22.985233193267284
23.02873938663899
23.072163387545448
23.11550566036152
23.1587666651041
23.201946857489165
23.245046688987884
23.288066606881777
23.331007054316967
23.373868470357515
23.416651290037883
23.45935594441455
23.501982860616746
23.544532461896377
Current segment is :  793
23.58700516767715
23.629401393602873
23.671721551584984
23.71396604984933
23.75613529298217
23.798229681975457
23.840249614271404
23.882195483806317
23.924067681053764
23.965866593067037
24.007592603520976
24.0492460927531
24.090827437804137
24.13233701245788
24.173775187280476
24.215142329659056
24.256438803839806
24.29766497096545
24.338821189112128
24.379907813325765
24.420925195657844
24.461873685200647
24.502753628121987
24.543565367699383
Current segment is :  817
24.584309244353754
24.62498559568259
24.665594756492627
24.706137058832073
24.746612832022304
24.78702240268912
24.827366094793565
24.867644229662236
24.90785712601722
24.948005100005535
24.98808846522818
25.02810753276876
25.068062611221684
25.107954006719968
25.147782022962645
25.187546961241768
25.227249120469054
25.266888797202125
25.306466285670382
25.345981877800533
25.385435863241746
25.42482852939045
25.464160161414792
25.503431042278763
25.542641452765974
Current segment is :  842
25.581791671503108
25.62088197498306
25.659912637587745
25.69888393161059
25.737796127278745
25.77664949277495
25.81544429425915
25.854180795889782
25.892859259844787
25.93147994634235
25.970043113661347
26.00854901816152
26.04699791430339
26.085390054667897
26.123725689975796
26.162005069106765
26.200228439118295
26.238396045264313
26.276508131013568
26.314564938067765
26.352566706379477
26.390513674169824
26.428406077945912
26.466244152518048
26.504028131016746
26.5417582449095
Current segment is :  868
26.57943472401735
26.617057796531242
26.654627689028164
26.69214462648708
26.729608832304688
26.767020528310933
26.80437993478437
26.84168727046731
26.878942752580773
26.91614659683927
26.953299017465387
26.9904002272042
27.02745043733751
27.064449857697877
27.10139869668252
27.138297161267023
27.175145457018875
27.21194378811085
27.248692357334228
27.28539136611183
27.322041014510937
27.358641501256013
27.3951930237413
27.431695778043245
27.4681499589328
27.504555759887545
27.540913373103695
Current segment is :  895
27.57722298950794
27.613484798769175
27.649698989310043
27.6858657483184
27.7219852617586
27.758057714382673
27.79408328974135
27.83006217019499
27.865994536924337
27.901880569941206
27.937720448099
27.97351434910312
28.00926244952126
28.044964924793582
28.080621949242772
28.116233696083977
28.15180033743464
28.18732204432421
28.222798986703747
28.258231333455434
28.293619252401943
28.328962910315735
28.36426247292824
28.399518104938924
28.43472997002427
28.46989823084666
28.505023049063134
28.540104585334085
Current segment is :  923
28.575142999331835
28.610138449749122
28.6450910943075
28.68000108976563
28.714868591927505
28.749693755650565
28.784476734853726
28.819217682525327
28.853916750730995
28.888574090621418
28.92318985244002
28.95776418553059
28.992297238344786
29.0267891584496
29.061240092534703
29.09565018641975
29.130019585061568
29.164348432561308
29.198636872171484
29.232885046302965
29.26709309653188
29.30126116360645
29.33538938745376
29.369477907186436
29.403526861109288
29.437536386725846
29.471506620744847
29.50543769908667
29.53932975688966
Current segment is :  952
29.573182928516438
29.60699734756011
29.64077314685042
29.67451045845986
29.70820941370968
29.741870143175877
29.77549277669509
29.80907744337045
29.84262427157739
29.876133388969333
29.909604922483414
29.943038998346058
29.976435742078557
30.009795278502573
30.043117731745575
30.07640322524625
30.109651881759824
30.142863823363367
30.176039171461014
30.209178046789148
30.242280569421546
30.275346858774444
30.30837703361157
9.092513110083472
9.202493704875357
9.311159902546343
9.418557907785898
9.524731274217434
9.629721112902637
9.733566280200382
Current segment is :  982
9.836303547427313
9.93796775443133
10.038591948905507
10.138207513029421
10.2368442788201
10.334530633399996
10.43129361523955
10.527159002303247
10.622151392917011
10.71629428007891
Current segment is :  992
10.809610119851897
10.902120394405046
10.993845670206733
11.084805651818082
11.175019231686845
11.264504536299519
11.353278969012253
11.441359249848249
11.528761452520389
11.615501038912072
11.701592891226491
Current segment is :  1003
11.787051341994315
11.87189020211171
11.956122787064535
12.039761941480204
12.12282006213579
12.20530911953947
12.287240678192015
12.368625915625742
12.449475640309926
12.529800308504152
12.609610040134216
12.688914633759012
Current segment is :  1015
12.76772358069128
12.846046078329959
12.923891042757333
13.001267120649944
13.078182700548437
13.154645923528038
13.230664693308183
13.306246685836932
13.381399358383158
13.456129958167068
13.53044553055741
13.604352926861662
13.677858811733666
Current segment is :  1028
13.75096967022141
13.823691814476122
13.896031390142356
13.967994382447438
14.039586622007374
14.1108137903652
14.181681425276716
14.25219492575753
14.322359556904466
14.392180454503558
14.461662629436063
14.530810971893212
14.599630255409753
14.668125140725733
Current segment is :  1042
14.736300179485358
14.80415981778128
14.871708399552121
14.938950169840606
15.00588927791922
15.072529780289944
15.138875643564182
15.204930747228708
15.270698886303085
15.33618377389372
15.401389043649438
15.466318252123159
15.530974881044054
15.595362339504279
15.659483966064178
Current segment is :  1057
15.723343030779663
15.786942737155236
15.850286224025968
15.913376567371579
15.976216782065572
16.038809823562264
16.10115858952437
16.16326592139368
16.22513460590727
16.286767376561507
16.348166915026034
16.409335852509837
16.470276771081327
16.530992204944333
16.59148464167181
16.65175652339892
Current segment is :  1073
16.71181024797715
16.77164817009101
16.831272602338718
16.89068581627841
16.949890043441066
17.00888747631155
17.067680269278917
17.12627053955718
17.184660368077655
17.242851800353943
17.300846847320564
17.35864748614622
17.41625566102264
17.47367328392984
17.530902235378743
17.58794436513188
17.644801492903017
Current segment is :  1090
17.70147540903646
17.757967875166685
17.814280624859087
17.87041536423243
17.926373772563636
17.98215750287559
18.037768182508447
18.093207413675067
18.148476774001097
18.203577817050206
18.258512072834986
18.31328104831398
18.367886227875292
18.422329073807255
18.476611026756505
18.530733506173963
18.584697910749036
18.638505618832447
Current segment is :  1108
18.692157988848077
18.74565635969411
18.79900205113387
18.852196364176656
18.90524058144888
18.9581359675558
19.01088376943418
19.06348521669608
19.11594152196413
19.168253881198492
19.220423474015753
19.27245146400005
19.32433899900658
19.3760872114578
19.427697218632453
19.479170122947686
19.53050701223446
19.581708960006402
19.63277702572234
Current segment is :  1127
19.683712255042668
19.73451568007972
19.785188319642362
19.835731179474898
19.886145252490504
19.93643151899933
19.986590946931408
20.036624492054496
20.086533098187058
20.136317697406437
20.18597921025239
20.23551854592614
20.28493660248498
20.334234267032645
6.100270280109793
6.264197443019369
6.423834812226875
6.579505066713594
6.731492182744419
6.880047654971426
Current segment is :  1147
7.025395485415219
7.167736226527375
7.307250289042547
7.444100671942327
7.578435233505837
7.710388594481833
7.840083743791905
Current segment is :  1154
7.9676334017648625
8.093141184261293
8.216702602162256
8.338405923849576
8.458332922982564
8.576559529703475
8.693156400107823
8.808189416192475
Current segment is :  1162
8.921720126392877
9.033806135125849
9.144501448379444
9.253856781269375
9.361919832561037
9.468735530397069
9.57434625284145
9.678792026327365
9.782110704658285
Current segment is :  1171
9.884338130843902
9.98550828374261
10.085653411219806
10.18480415130845
10.282989642668294
10.380237625477749
10.476574533752908
10.572025579968276
10.666614832750145
10.760365288323891
Current segment is :  1181
10.85329893631864
10.945436820464968
11.036799094662218
11.12740507484026
11.217273286995226
11.306421511738877
11.394866825666167
11.48262563981462
11.569713735461718
3.4709141206385152
3.7590226607069277
Current segment is :  1192
4.025049255984738
4.273493420615302
4.5074940148776
4.729346777565551
Current segment is :  1196
4.940792469123562
5.143189150678047
5.337621043167975
5.524970424458349
5.705966868452533
Current segment is :  1201
5.881222004532775
6.051254694886801
6.216509679253098
6.37737165029408
6.534176060454791
6.68721754430033
Current segment is :  1207
6.836756570565794
6.983024759242467
7.126229177739829
7.266555846312837
7.4041726239376064
7.539231603622523
7.671871115521787
Current segment is :  1214
7.802217413698877
7.930386105620257
8.05648337083302
8.180607005671057
8.302847323450258
8.423287933887071
8.542006420996715
8.659074935197541
Current segment is :  1222
8.774560712544863
8.888526531776169
9.001031118045336
9.112129500762311
9.22187333176431
9.330311169069617
9.437488730662102
9.543449122090282
9.648233041112315
Current segment is :  1231
9.751878962157015
9.85442330298411
9.955900575601085
10.05634352321857
10.155783244792437
10.254249308501779
10.351769855341898
3.105530956602569
3.427537085014824
3.7192917692666723
Current segment is :  1241
3.988160161970687
4.238902348690155
4.474812477714242
4.698285529374008
Current segment is :  1245
4.911129128118258
5.114748290618911
5.310261333134439
5.498575982313811
5.68044125128827
Current segment is :  1250
5.856483913427098
6.027234830663857
6.193148392702696
6.354617154080719
6.511983046588946
6.665546099939309
Current segment is :  1256
6.815571316929272
6.962294159886852
7.105924977119695
7.246652609795229
7.384647357694184
7.520063438051506
7.653041039668535
Current segment is :  1263
7.783708050967263
7.912181523180257
8.03856891672909
8.162969168858409
8.285473612929444
8.406166773841754
8.525127059415887
8.642427363919326
Current segment is :  1271
8.758135597022312
8.872315149156671
8.98502530239047
9.096321594425836
9.206256142101987
9.314877929782519
9.422233067180798
9.528365020494835
9.633314820156064
Current segment is :  1280
9.737121248023206
9.839821006455711
9.941448871367474
10.042037831079384
10.141619212550092
10.240222796360705
10.337876921655264
10.43460858208984
10.530443513715012
10.625406275606055
Current segment is :  1290
10.719520323959745
10.812808080293847
10.905290994313424
10.996989601945394
11.087923578987901
11.178111790773112
11.267572338199864
11.356322600455536
11.444379274713794
11.53175841306597
11.618475456918274
Current segment is :  1301
11.704545269064285
11.789982163622081
11.874799934007306
11.95901187909753
12.042630827728882
12.12566916165318
12.208138837072203
12.290051404855536
12.371418029539052
12.452249507192812
12.532556282239552
12.612348463298188
Current segment is :  1313
12.691635838120568
12.77042788768414
12.848733799498136
12.92656248017631
13.003922567325045
13.080822440791895
13.15727023331613
13.233273840619706
13.30884093097421
13.38397895427665
13.458695150664605
13.532996558698995
13.606890023140705
Current segment is :  1326
13.680382202345456
4.104114660703637
4.347772570550764
4.577775401603476
4.796222116933748
5.004719550042477
5.204530946065959
5.396671219678106
5.5819706309807
5.761118832594278
5.934696227724954
6.103196848755619
6.267045406287217
6.426610230725346
Current segment is :  1340
6.582213256908425
6.734137839259269
6.882634948149751
7.027928140006284
7.170217585782988
7.309683367404844
7.4464881987138405
Current segment is :  1347
7.580779689321819
7.712692241985575
7.8423486536023
7.969861474591285
8.095334169843028
8.218862115573202
8.34053345960332
8.46042986729036
Current segment is :  1355
8.578627171172778
8.695195939117415
8.810201973139174
8.92370674897165
9.035767804778446
9.146439086024868
9.255771252411668
9.363811951855212
9.470606065741904
Current segment is :  1364
9.57619592905776
9.680621528471994
9.783920681016989
9.886129195640398
9.987281019596026
10.087408371378547
10.186541861684873
10.284710603695482
10.38194231380706
10.478263403808697
Current segment is :  1374
10.573699065374193
10.668273347639772
10.76200922854699
10.85492868055298
10.94705273124265
11.038401519318368
11.128994346391192
11.218849724952353
11.307985422864043
11.396418504673475
11.484165370023314
Current segment is :  1385
11.571241789404235
11.657662937471134
11.743443424123026
11.828597323527507
11.91313820125364
11.997079139661857
12.080432761685907
12.163211253129656
12.245426383590594
12.327089526112118
12.408211675657778
12.488803466492696
Current segment is :  1397
12.568875188550216
12.648436802855286
12.727497956070223
12.806067994223172
12.884155975674707
12.961770683373683
13.038920636449362
13.115614101183288
13.19185910140099
13.267663428320597
13.343034649892697
13.417980119663177
13.49250698518853
Current segment is :  1410
13.566622196030945
13.640332511358556
13.713644507174442
13.786564583196308
13.859098969407274
13.931253732296796
14.003034780809443
14.074447872018105
14.145498616537052
14.216192483689316
4.264857745106794
4.49933215428195
4.72158736143493
4.933380541026993
Current segment is :  1424
5.136081304060332
5.330782271743505
5.518372000421907
5.699584865361702
5.875036240088542
Current segment is :  1429
6.045247956090642
6.21066714274162
6.371680440832904
6.528624909295494
6.681796521065714
2.0045389563197142
Current segment is :  1435
2.50340678667407
2.9028624425918848
3.247350002638694
Current segment is :  1438
3.5552934023915483
3.836564140645479
4.097214025110008
4.341282310015664
Current segment is :  1442
4.571628997604473
4.790369407319259
4.999121575465643
5.199156718621139
5.391495602428667
Current segment is :  1447
5.576972893655528
5.756281636779888
5.930004894796048
6.098638819681601
6.262609835110943
6.422287673317239
Current segment is :  1453
6.577995429006028
6.730017425797094
6.878605451166369
7.023983755984017
7.166353105734871
7.305894094749179
7.4427698812075
Current segment is :  1460
7.577128462214409
7.7091045802104015
7.838821331305859
7.966391530668141
8.091918878420296
8.215498960601646
2.464649688180494
2.8703868624311037
Current segment is :  1468
3.2187719575165237
3.5294494498019855
3.81277975789185
Current segment is :  1471
4.075055594289208
4.320451019421911
4.551908336147561
4.77159641555347
Current segment is :  1475
4.981169881729361
5.181925933770056
5.374904377071051
5.5609541985833975
5.740779452359942
Current segment is :  1480
5.914971826113112
6.084034338902311
6.248398960187538
6.408439957308821
6.564484175037584
6.716819068889967
Current segment is :  1486
6.86569906546925
7.011350657603466
7.153976529398303
7.2937589281650075
7.430862445000267
7.565436326215473
7.697616409013188
Current segment is :  1493
7.827526753575057
7.9552810278792965
8.08098368960746
8.204731000381773
8.326611900554305
8.446708767316334
8.565098074624927
8.68185097007193
Current segment is :  1501
8.7970337811392
8.910708461136906
9.022932983391382
9.133761690846121
9.24324560709524
9.351432713930569
9.458368199710232
9.564094682216025
9.668652409133916
Current segment is :  1510
9.772079438846486
9.87441180385211
9.975683658810588
10.075927414948223
10.175173862328982
10.273452281305413
10.37079054429805
10.467215208910508
10.562751603265783
10.657423904344114
Current segment is :  1520
10.75125521001193
10.844267605352409
10.936482223839546
11.027919303837736
11.118598240856436
11.208537635943614
11.297755340561315
11.386268498251125
11.474093583366024
11.561246437117338
11.647742301160985
Current segment is :  1531
11.733595848925372
11.818821214863947
11.90343202179809
11.987441406500649
12.070862043656607
12.153706168325028
12.235985597015365
12.317711747481242
12.3988956573259
12.479548001505371
12.559679108808245
12.639298977384241
Current segment is :  1543
12.718417289387883
12.797043424798174
12.875186474470272
12.95285525247072
13.030058307743746
13.106803935152465
13.183100185935464
13.258954877616171
13.334375603399634
13.409369741088769
13.483944461549777
13.558106736754302
13.631863347423927
Current segment is :  1556
13.705220890300776
13.778185785066368
13.850764280929289
13.92296246290087
13.994786257776752
14.066241439841024
14.13733363630849
14.208068332519643
14.278450876901921
14.348486485709994
14.418180247556997
14.487537127747855
14.556561972425195
14.625259512537642
Current segment is :  1570
14.693634367639717
14.761691049532002
14.8294339657497
14.896867422907244
14.963995629906139
15.030822701012832
15.097352658812987
15.163589437048161
15.229536883340579
15.295198761811347
15.36057875559716
15.425680469270262
15.490507431166181
15.555063095623503
15.619350845139694
Current segment is :  1585
15.683373992446816
15.747135782510714
15.810639394457125
15.873887943427926
15.936884482370612
15.999632003763905
16.062133441282263
16.12439167140192
16.18640951495093
16.248189738605618
16.30973505633563
16.3710481307998
16.432131574694797
16.49298795205852
16.553619779530095
16.6140295275682
Current segment is :  1601
16.674219621629405
16.73419244330814
16.793950331439746
16.853495583168154
16.912830454979478
16.97195716370289
17.03087788748003
17.089594766704156
17.148109904930156
17.206425369756545
17.26454319368049
17.32246537492685
17.380193878252214
17.43773063572483
17.495077547481298
5.2485232642443895
5.43905304750981
Current segment is :  1618
5.622908581049391
5.80075248257933
5.973143909899005
6.140559933200025
6.303411531568656
6.462055782382968
Current segment is :  1624
6.6168052976573835
6.767935632466243
6.915691174821424
7.060289881548061
7.201927125454077
7.340778849802364
7.477004176904668
Current segment is :  1631
7.610747582196435
7.742140719230603
7.871303961835599
7.998347715303709
8.123373537585309
8.24647510313233
8.367739035599689
8.487245630600514
Current segment is :  1639
8.605069485773802
8.72128005230708
8.835942119572707
8.949116242543123
9.060859120040469
9.17122393056801
9.280260631402122
9.388016225745694
9.49453500201896
Current segment is :  1648
9.599858748762466
9.704026948125703
9.807076950495404
9.909044132464897
10.009962040048306
10.109862518791298
10.208775832215817
10.306730769853326
10.40375474596464
10.49987388991004
Current segment is :  1658
10.595113129017564
10.689496264697468
10.783046042464129
10.875784216451512
10.967731608942742
11.058908165377131
11.149333005247922
11.239024469260102
11.328000163079
11.416276997966351
11.50387122857044
Current segment is :  1669
11.59079848811038
11.677073821170978
11.76271171430367
11.847726124610436
3.5543178373831306
3.835665776918063
4.096376709037778
4.340494882494266
4.570883358249213
4.789659450663662
4.9984425615091395
5.198504878459738
Current segment is :  1681
5.3908678796263905
5.5763667681781355
5.755695001340014
5.929435965683535
6.098086070986548
6.262071949237397
Current segment is :  1687
6.421763503104289
6.577483968287505
6.729517786206541
6.878116843638218
7.0235054758370055
7.165884520523495
7.3054346342792975
Current segment is :  1694
7.442319029262136
7.576685749644337
7.70866957912373
7.838393650149961
7.965970810041755
8.091504787487343
8.21509119400426
8.336818388065094
Current segment is :  1702
8.456768224255791
8.575016705647512
8.691634554256646
8.8066877118368
8.920237781138784
9.032342416075133
9.14305566784693
9.252428292965758
9.360508028180812
Current segment is :  1711
9.467339836560164
9.572966128344714
9.67742695966836
9.780760211799075
9.883001753186997
9.984185586294942
10.08434398092381
10.18350759552201
10.281705587777617
10.37896571562924
Current segment is :  1721
10.475314429691775
10.570776957973079
10.66537738365378
10.75913871661258
10.852082959301445
10.944231167507215
11.035603506476894
11.126219302832126
11.21609709265292
11.305254666070775
11.39370910867623
Current segment is :  1732
11.48147684001479
11.568573649417814
11.655014729390567
11.740814706758103
11.82598767175042
11.910547205191232
11.994506403939393
12.077877904718413
12.160673906457207
12.24290619125427
12.324586144067627
12.405724771223992
Current segment is :  1744
12.486332717832608
12.566420284182
12.645997441191364
12.725073844982395
12.803658850632033
12.881761525161716
12.959390659814357
13.036554781666235
13.113262164617314
13.189520839800233
13.265338605445095
13.340723036234484
13.415681492180532
Current segment is :  1757
13.490221127053562
13.56434889638972
13.63807156510301
13.711395714725365
13.784327750296773
13.856873906925882
13.929040256040178
14.000832711343504
14.072257034497497
14.143318840542436
14.214023603071968
14.28437665917523
14.35438321415904
14.424048346061998
Current segment is :  1771
14.493377009971601
14.562374042154783
14.631044164011646
14.699391985861554
14.767422010570185
14.83513863702565
14.902546163471287
14.969648790702275
15.036450625132826
15.102955681740303
15.16916788689224
15.235091081061915
15.300729021437805
15.36608538443194
15.431163768091915
Current segment is :  1786
15.495967694421035
15.560500611610841
15.624765896190041
15.688766855093613
15.752506727655703
15.815988687529707
15.87921584453877
15.94219124645976
16.00491788074362
16.067398676174825
16.12963650447262
16.19163418183644
16.253394470437932
16.314920079861785
16.376213668497524
16.43727784488426
Current segment is :  1802
16.49811516901036
16.558728153569856
16.619119265177325
16.679290925542947
16.73924551260927
16.798985361651255
16.858512766340993
16.917829979778503
16.976939215489896
17.035842648394198
17.094542415739973
17.15304061801295
17.211339319815703
17.269440550720418
17.327346306095816
17.385058547909104
17.442579205503915
Current segment is :  1819
17.499910176355087
17.557053326801146
17.61401049275527
17.670783480395496
17.72737406683494
17.783784000772695
17.840015003126105
17.89606876764507
17.95194696150896
18.007651225906805
18.06318317660126
18.118544404476943
18.17373647607365
18.228760934104972
18.283619297962773
18.338313064208027
18.39284370704844
18.447212678803293
Current segment is :  1837
18.50142141035595
18.555471311594363
18.609363771840044
18.663100160265813
18.716681826302683
18.770110100036263
18.823386292592964
18.876511696516353
18.929487586133952
18.982315217914778
19.0349958308179
19.087530646632302
19.139920870308323
19.192167690280883
19.244272278784788
19.296235792162346
19.348059371163497
19.399744141238703
19.451291212824778
Current segment is :  1856
19.502701681623922
19.55397662887609
19.60511712162493
19.65612421297747
5.896837263893241
6.066419695160774
6.23126157064092
6.391742716980785
6.5481945712369525
1.9644583713710857
2.4735045362445383
2.877789220322084
3.2252781861359456
3.535328960763251
3.8181880698018924
4.080092402883077
4.32518489130157
4.556388880294297
4.775860928504416
4.985247260093673
Current segment is :  1876
5.185839115989143
5.378671939691053
5.564591440120268
5.744299152853691
5.91838479383275
Current segment is :  1881
6.087349812978185
6.251624913099424
6.411583326136111
6.567551040994251
6.719814798635122
6.868628423707515
Current segment is :  1887
7.014217897808113
7.156785467645442
7.296513003774731
7.43356477076023
7.568089730296936
7.700223470201836
7.830089831076917
Current segment is :  1894
7.9578022866902725
8.08346512222874
8.207174445505226
8.329019059219714
8.449081216946807
8.567437281271795
8.684158299140927
8.799310506822232
Current segment is :  1902
8.912955774735519
9.025152000687248
9.135953458648714
9.24541110907636
9.353572875838498
9.460483894042369
9.566186732417236
9.670721593378216
9.774126493451519
Current segment is :  1911
9.876437426369154
9.977688510827006
10.077912124634441
10.177139026757908
10.275398468568694
10.372718295440507
10.469125039701513
10.564644005824064
10.659299348630572
10.75311414520334
Current segment is :  1921
10.846110461107422
10.938309411467172
11.029731217377293
11.12039525807708
3.336118577423124
3.635868114734959
3.9109055936653236
4.16660084788464
4.406604639106373
4.633536728980175
4.84935459306347
Current segment is :  1932
5.055567601580192
5.253369328074252
5.443723353757532
5.627421153042235
5.8051224433498545
Current segment is :  1937
5.977384098424084
6.144681361496679
6.307423730249292
6.4659670662874555
6.620622973091225
6.771666161030546
Current segment is :  1943
6.9193403044717545
7.063862752566081
7.205428356970941
7.344212611071885
7.480374246492466
7.614057397501775
7.7453934182058095
Current segment is :  1950
7.8745024183567205
8.00149456933617
8.126471221052247
8.249525862211797
8.370744950036062
8.49020863050523
8.607991366303619
8.724162486539003
Current segment is :  1958
8.838786669839457
8.951924370448557
9.063632195338268
9.17396323905762
9.282967381971837
9.390691556672921
9.497179986621344
9.602474400479847
9.706614225101513
Current segment is :  1967
9.809636759716515
9.9115773335109
10.012469448494356
10.112344909302916
10.211233941369063
10.309165298709596
10.406166362425703
10.502263230875814
10.597480802366507
10.691842851107062
Current segment is :  1977
10.785372097086997
10.878090270460921
10.970018170959731
11.061175722790159
11.151582025434788
11.24125540072084
11.330213436487545
11.418473027148002
11.506050411411419
11.592961207405171
11.679220445412561
Current segment is :  1988
11.764842598421309
11.849841610659194
11.934230924276726
12.018023504321896
12.101231862138835
12.183868077310342
12.265943818253588
12.347470361568734
12.428458610231592
12.508919110713668
12.588862069105934
12.668297366316322
